0.0	0.01470
1.0	0.01494
2.0	0.01498
3.0	0.01510
4.0	0.01545
5.0	0.01579
6.0	0.01581
7.0	0.01582
8.0	0.01605
9.0	0.01642
10.0	0.01668
11.0	0.01699
12.0	0.01736
13.0	0.01780
14.0	0.01807
15.0	0.01855
16.0	0.01898
17.0	0.01938
18.0	0.01992
19.0	0.02031
20.0	0.02067
21.0	0.02117
22.0	0.02156
23.0	0.02194
24.0	0.02242
25.0	0.02304
26.0	0.02357
27.0	0.02421
28.0	0.02469
29.0	0.02496
30.0	0.02497
31.0	0.02491
32.0	0.02520
33.0	0.02571
34.0	0.02611
35.0	0.02686
36.0	0.02785
37.0	0.02862
38.0	0.02932
39.0	0.03016
40.0	0.03099
41.0	0.03170
42.0	0.03222
43.0	0.03266
44.0	0.03333
45.0	0.03417
46.0	0.03524
47.0	0.03634
48.0	0.03722
49.0	0.03791
50.0	0.03821
51.0	0.03876
52.0	0.03948
53.0	0.04013
54.0	0.04066
55.0	0.04106
56.0	0.04128
57.0	0.04152
58.0	0.04177
59.0	0.04220
60.0	0.04249
61.0	0.04267
62.0	0.04293
63.0	0.04313
64.0	0.04325
65.0	0.04341
66.0	0.04367
67.0	0.04418
68.0	0.04465
69.0	0.04480
70.0	0.04489
71.0	0.04486
72.0	0.04505
73.0	0.04531
74.0	0.04552
75.0	0.04582
76.0	0.04605
77.0	0.04632
78.0	0.04658
79.0	0.04666
80.0	0.04690
81.0	0.04724
82.0	0.04740
83.0	0.04756
84.0	0.04769
85.0	0.04796
86.0	0.04804
87.0	0.04825
88.0	0.04836
89.0	0.04841
90.0	0.04850
91.0	0.04869
92.0	0.04880
93.0	0.04879
94.0	0.04896
95.0	0.04885
96.0	0.04880
97.0	0.04888
98.0	0.04886
99.0	0.04880
100.0	0.04889
101.0	0.04878
102.0	0.04874
103.0	0.04882
104.0	0.04889
105.0	0.04856
106.0	0.04824
107.0	0.04807
108.0	0.04796
109.0	0.04758
110.0	0.04723
111.0	0.04680
112.0	0.04633
113.0	0.04606
114.0	0.04582
115.0	0.04571
116.0	0.04552
117.0	0.04544
118.0	0.04523
119.0	0.04510
120.0	0.04489
121.0	0.04461
122.0	0.04440
123.0	0.04427
124.0	0.04413
125.0	0.04370
126.0	0.04328
127.0	0.04307
128.0	0.04283
129.0	0.04251
130.0	0.04218
131.0	0.04183
132.0	0.04122
133.0	0.04087
134.0	0.04071
135.0	0.04045
136.0	0.04014
137.0	0.03971
138.0	0.03916
139.0	0.03845
140.0	0.03750
141.0	0.03686
142.0	0.03624
143.0	0.03553
144.0	0.03451
145.0	0.03375
146.0	0.03287
147.0	0.03201
148.0	0.03125
149.0	0.03044
150.0	0.02988
151.0	0.02909
152.0	0.02841
153.0	0.02797
154.0	0.02738
155.0	0.02676
156.0	0.02636
157.0	0.02612
158.0	0.02574
159.0	0.02552
160.0	0.02529
161.0	0.02509
162.0	0.02476
163.0	0.02449
164.0	0.02407
165.0	0.02373
166.0	0.02351
167.0	0.02335
168.0	0.02298
169.0	0.02259
170.0	0.02223
171.0	0.02209
172.0	0.02197
173.0	0.02185
174.0	0.02149
175.0	0.02087
176.0	0.02038
177.0	0.02009
178.0	0.01996
179.0	0.02002
180.0	0.01990
181.0	0.01996
182.0	0.01993
183.0	0.01949
184.0	0.01908
185.0	0.01890
186.0	0.01873
187.0	0.01876
188.0	0.01867
189.0	0.01859
190.0	0.01855
191.0	0.01832
192.0	0.01816
193.0	0.01823
194.0	0.01841
195.0	0.01855
196.0	0.01867
197.0	0.01864
198.0	0.01900
199.0	0.01904
200.0	0.01920
201.0	0.01922
202.0	0.01924
203.0	0.01942
204.0	0.01974
205.0	0.01993
206.0	0.01993
207.0	0.02007
208.0	0.02037
209.0	0.02053
210.0	0.02070
211.0	0.02094
212.0	0.02122
213.0	0.02151
214.0	0.02156
215.0	0.02171
216.0	0.02201
217.0	0.02245
218.0	0.02293
219.0	0.02359
220.0	0.02411
221.0	0.02438
222.0	0.02472
223.0	0.02510
224.0	0.02527
225.0	0.02554
226.0	0.02603
227.0	0.02663
228.0	0.02703
229.0	0.02736
230.0	0.02780
231.0	0.02837
232.0	0.02931
233.0	0.02995
234.0	0.03050
235.0	0.03099
236.0	0.03159
237.0	0.03217
238.0	0.03271
239.0	0.03343
240.0	0.03423
241.0	0.03487
242.0	0.03559
243.0	0.03648
244.0	0.03735
245.0	0.03810
246.0	0.03855
247.0	0.03909
248.0	0.03946
249.0	0.04006
250.0	0.04065
251.0	0.04116
252.0	0.04162
253.0	0.04200
254.0	0.04232
255.0	0.04254
256.0	0.04282
257.0	0.04328
258.0	0.04356
259.0	0.04381
260.0	0.04400
261.0	0.04414
262.0	0.04438
263.0	0.04455
264.0	0.04472
265.0	0.04487
266.0	0.04510
267.0	0.04533
268.0	0.04548
269.0	0.04551
270.0	0.04569
271.0	0.04592
272.0	0.04612
273.0	0.04625
274.0	0.04630
275.0	0.04631
276.0	0.04653
277.0	0.04673
278.0	0.04698
279.0	0.04705
280.0	0.04717
281.0	0.04710
282.0	0.04715
283.0	0.04723
284.0	0.04739
285.0	0.04758
286.0	0.04760
287.0	0.04762
288.0	0.04759
289.0	0.04750
290.0	0.04749
291.0	0.04733
292.0	0.04724
293.0	0.04703
294.0	0.04690
295.0	0.04685
296.0	0.04666
297.0	0.04647
298.0	0.04629
299.0	0.04621
300.0	0.04592
301.0	0.04561
302.0	0.04541
303.0	0.04551
304.0	0.04545
305.0	0.04540
306.0	0.04527
307.0	0.04517
308.0	0.04504
309.0	0.04486
310.0	0.04467
311.0	0.04450
312.0	0.04433
313.0	0.04419
314.0	0.04397
315.0	0.04380
316.0	0.04358
317.0	0.04331
318.0	0.04302
319.0	0.04275
320.0	0.04256
321.0	0.04242
322.0	0.04242
323.0	0.04217
324.0	0.04200
325.0	0.04153
326.0	0.04070
327.0	0.04004
328.0	0.03957
329.0	0.03934
330.0	0.03864
331.0	0.03670
332.0	0.03355
333.0	0.03067
334.0	0.02842
335.0	0.02673
336.0	0.02531
337.0	0.02416
338.0	0.02320
339.0	0.02214
340.0	0.02153
341.0	0.02100
342.0	0.02034
343.0	0.01956
344.0	0.01867
345.0	0.01757
346.0	0.01649
347.0	0.01540
348.0	0.01446
349.0	0.01371
350.0	0.01271
351.0	0.01151
352.0	0.01026
353.0	0.00927
354.0	0.00812
355.0	0.00689
356.0	0.00576
357.0	0.00428
358.0	0.00228
359.0	0.00040
360.0	-0.00161
361.0	-0.00382
362.0	-0.00589
363.0	-0.00807
364.0	-0.01025
365.0	-0.01216
366.0	-0.01410
367.0	-0.01581
368.0	-0.01745
369.0	-0.01916
370.0	-0.02090
371.0	-0.02259
372.0	-0.02441
373.0	-0.02615
374.0	-0.02771
375.0	-0.02913
376.0	-0.03034
377.0	-0.03136
378.0	-0.03244
379.0	-0.03357
380.0	-0.03486
381.0	-0.03610
382.0	-0.03773
383.0	-0.03936
384.0	-0.04111
385.0	-0.04319
386.0	-0.04517
387.0	-0.04714
388.0	-0.04893
389.0	-0.05056
390.0	-0.05210
391.0	-0.05376
392.0	-0.05549
393.0	-0.05701
394.0	-0.05846
395.0	-0.05982
396.0	-0.06127
397.0	-0.06264
398.0	-0.06396
399.0	-0.06516
400.0	-0.06623
401.0	-0.06721
402.0	-0.06804
403.0	-0.06893
404.0	-0.06981
405.0	-0.07074
406.0	-0.07165
407.0	-0.07228
408.0	-0.07305
409.0	-0.07384
410.0	-0.07499
411.0	-0.07595
412.0	-0.07690
413.0	-0.07796
414.0	-0.07897
415.0	-0.08002
416.0	-0.08071
417.0	-0.08089
418.0	-0.08094
419.0	-0.08108
420.0	-0.08142
421.0	-0.08185
422.0	-0.08193
423.0	-0.08217
424.0	-0.08241
425.0	-0.08243
426.0	-0.08241
427.0	-0.08246
428.0	-0.08243
429.0	-0.08227
430.0	-0.08179
431.0	-0.08137
432.0	-0.08104
433.0	-0.08068
434.0	-0.07994
435.0	-0.07940
436.0	-0.07906
437.0	-0.07862
438.0	-0.07812
439.0	-0.07728
440.0	-0.07661
441.0	-0.07564
442.0	-0.07465
443.0	-0.07367
444.0	-0.07287
445.0	-0.07205
446.0	-0.07111
447.0	-0.07015
448.0	-0.06920
449.0	-0.06812
450.0	-0.06680
451.0	-0.06553
452.0	-0.06431
453.0	-0.06301
454.0	-0.06172
455.0	-0.06028
456.0	-0.05875
457.0	-0.05710
458.0	-0.05577
459.0	-0.05437
460.0	-0.05314
461.0	-0.05188
462.0	-0.05059
463.0	-0.04902
464.0	-0.04716
465.0	-0.04564
466.0	-0.04385
467.0	-0.04211
468.0	-0.04039
469.0	-0.03865
470.0	-0.03723
471.0	-0.03587
472.0	-0.03488
473.0	-0.03378
474.0	-0.03261
475.0	-0.03163
476.0	-0.03072
477.0	-0.02966
478.0	-0.02867
479.0	-0.02769
480.0	-0.02680
481.0	-0.02569
482.0	-0.02434
483.0	-0.02310
484.0	-0.02192
485.0	-0.02074
486.0	-0.01969
487.0	-0.01866
488.0	-0.01750
489.0	-0.01639
490.0	-0.01517
491.0	-0.01395
492.0	-0.01243
493.0	-0.01053
494.0	-0.00840
495.0	-0.00642
496.0	-0.00455
497.0	-0.00234
498.0	-0.00046
499.0	0.00119
500.0	0.00241
501.0	0.00350
502.0	0.00446
503.0	0.00508
504.0	0.00559
505.0	0.00627
506.0	0.00697
507.0	0.00752
508.0	0.00798
509.0	0.00838
510.0	0.00888
511.0	0.00930
512.0	0.00975
513.0	0.01017
514.0	0.01071
515.0	0.01092
516.0	0.01122
517.0	0.01157
518.0	0.01174
519.0	0.01186
520.0	0.01182
521.0	0.01181
522.0	0.01186
523.0	0.01198
524.0	0.01195
525.0	0.01193
526.0	0.01188
527.0	0.01180
528.0	0.01150
529.0	0.01098
530.0	0.01039
531.0	0.00988
532.0	0.00936
533.0	0.00900
534.0	0.00862
535.0	0.00801
536.0	0.00761
537.0	0.00723
538.0	0.00670
539.0	0.00618
540.0	0.00562
541.0	0.00507
542.0	0.00450
543.0	0.00378
544.0	0.00302
545.0	0.00223
546.0	0.00154
547.0	-0.00004
548.0	-0.00198
549.0	-0.00401
550.0	-0.00597
551.0	-0.00815
552.0	-0.01006
553.0	-0.01171
554.0	-0.01310
555.0	-0.01447
556.0	-0.01581
557.0	-0.01685
558.0	-0.01794
559.0	-0.01936
560.0	-0.02062
561.0	-0.02173
562.0	-0.02293
563.0	-0.02404
564.0	-0.02509
565.0	-0.02596
566.0	-0.02693
567.0	-0.02800
568.0	-0.02904
569.0	-0.03003
570.0	-0.03105
571.0	-0.03217
572.0	-0.03318
573.0	-0.03392
574.0	-0.03471
575.0	-0.03540
576.0	-0.03642
577.0	-0.03771
578.0	-0.03918
579.0	-0.04051
580.0	-0.04186
581.0	-0.04364
582.0	-0.04521
583.0	-0.04661
584.0	-0.04796
585.0	-0.04939
586.0	-0.05069
587.0	-0.05180
588.0	-0.05286
589.0	-0.05414
590.0	-0.05509
591.0	-0.05599
592.0	-0.05692
593.0	-0.05791
594.0	-0.05907
595.0	-0.06013
596.0	-0.06107
597.0	-0.06193
598.0	-0.06279
599.0	-0.06349
600.0	-0.06409
601.0	-0.06488
602.0	-0.06539
603.0	-0.06605
604.0	-0.06684
605.0	-0.06740
606.0	-0.06795
607.0	-0.06843
608.0	-0.06878
609.0	-0.06912
610.0	-0.06952
611.0	-0.06973
612.0	-0.07017
613.0	-0.07055
614.0	-0.07086
615.0	-0.07088
616.0	-0.07084
617.0	-0.07092
618.0	-0.07089
619.0	-0.07100
620.0	-0.07128
621.0	-0.07133
622.0	-0.07097
623.0	-0.07079
624.0	-0.07077
625.0	-0.07069
626.0	-0.07064
627.0	-0.07039
628.0	-0.07010
629.0	-0.06958
630.0	-0.06921
631.0	-0.06889
632.0	-0.06832
633.0	-0.06787
634.0	-0.06723
635.0	-0.06649
636.0	-0.06573
637.0	-0.06501
638.0	-0.06443
639.0	-0.06391
640.0	-0.06324
641.0	-0.06243
642.0	-0.06157
643.0	-0.06074
644.0	-0.05997
645.0	-0.05891
646.0	-0.05787
647.0	-0.05690
648.0	-0.05604
649.0	-0.05514
650.0	-0.05433
651.0	-0.05334
652.0	-0.05220
653.0	-0.05128
654.0	-0.04997
655.0	-0.04862
656.0	-0.04752
657.0	-0.04635
658.0	-0.04480
659.0	-0.04330
660.0	-0.04164
661.0	-0.04037
662.0	-0.03896
663.0	-0.03760
664.0	-0.03647
665.0	-0.03549
666.0	-0.03465
667.0	-0.03379
668.0	-0.03302
669.0	-0.03226
670.0	-0.03169
671.0	-0.03093
672.0	-0.03014
673.0	-0.02949
674.0	-0.02855
675.0	-0.02782
676.0	-0.02706
677.0	-0.02622
678.0	-0.02512
679.0	-0.02397
680.0	-0.02273
681.0	-0.02144
682.0	-0.02043
683.0	-0.01961
684.0	-0.01866
685.0	-0.01793
686.0	-0.01728
687.0	-0.01656
688.0	-0.01589
689.0	-0.01539
690.0	-0.01483
691.0	-0.01403
692.0	-0.01298
693.0	-0.01173
694.0	-0.01022
695.0	-0.00876
696.0	-0.00706
697.0	-0.00590
698.0	-0.00474
699.0	-0.00332
700.0	-0.00192
701.0	-0.00094
702.0	-0.00017
703.0	0.00045
704.0	0.00096
705.0	0.00166
706.0	0.00207
707.0	0.00228
708.0	0.00265
709.0	0.00303
710.0	0.00336
711.0	0.00363
712.0	0.00383
713.0	0.00380
714.0	0.00376
715.0	0.00380
716.0	0.00373
717.0	0.00380
718.0	0.00386
719.0	0.00387
720.0	0.00360
721.0	0.00364
722.0	0.00351
723.0	0.00342
724.0	0.00323
725.0	0.00287
726.0	0.00220
727.0	0.00163
728.0	0.00136
729.0	0.00080
730.0	0.00009
731.0	-0.00045
732.0	-0.00105
733.0	-0.00169
734.0	-0.00311
735.0	-0.00449
736.0	-0.00576
737.0	-0.00702
738.0	-0.00869
739.0	-0.00978
740.0	-0.01096
741.0	-0.01233
742.0	-0.01291
743.0	-0.01316
744.0	-0.01340
745.0	-0.01349
746.0	-0.01420
747.0	-0.01570
748.0	-0.01723
749.0	-0.01835
750.0	-0.01934
751.0	-0.02030
752.0	-0.02135
753.0	-0.02241
754.0	-0.02347
755.0	-0.02439
756.0	-0.02508
757.0	-0.02586
758.0	-0.02659
759.0	-0.02736
760.0	-0.02820
761.0	-0.02899
762.0	-0.02985
763.0	-0.03051
764.0	-0.03112
765.0	-0.03169
766.0	-0.03246
767.0	-0.03312
768.0	-0.03383
769.0	-0.03453
770.0	-0.03507
771.0	-0.03566
772.0	-0.03638
773.0	-0.03720
774.0	-0.03794
775.0	-0.03885
776.0	-0.04001
777.0	-0.04124
778.0	-0.04270
779.0	-0.04443
780.0	-0.04566
781.0	-0.04695
782.0	-0.04829
783.0	-0.04934
784.0	-0.05015
785.0	-0.05092
786.0	-0.05172
787.0	-0.05242
788.0	-0.05299
789.0	-0.05366
790.0	-0.05469
791.0	-0.05549
792.0	-0.05610
793.0	-0.05683
794.0	-0.05752
795.0	-0.05832
796.0	-0.05911
797.0	-0.05965
798.0	-0.06017
799.0	-0.06085
800.0	-0.06141
801.0	-0.06186
802.0	-0.06236
803.0	-0.06277
804.0	-0.06310
805.0	-0.06349
806.0	-0.06381
807.0	-0.06429
808.0	-0.06441
809.0	-0.06452
810.0	-0.06470
811.0	-0.06475
812.0	-0.06477
813.0	-0.06477
814.0	-0.06464
815.0	-0.06457
816.0	-0.06459
817.0	-0.06431
818.0	-0.06394
819.0	-0.06357
820.0	-0.06336
821.0	-0.06327
822.0	-0.06321
823.0	-0.06310
824.0	-0.06300
825.0	-0.06283
826.0	-0.06259
827.0	-0.06227
828.0	-0.06203
829.0	-0.06180
830.0	-0.06123
831.0	-0.06073
832.0	-0.06025
833.0	-0.05972
834.0	-0.05895
835.0	-0.05822
836.0	-0.05730
837.0	-0.05626
838.0	-0.05546
839.0	-0.05488
840.0	-0.05425
841.0	-0.05363
842.0	-0.05326
843.0	-0.05287
844.0	-0.05240
845.0	-0.05182
846.0	-0.05095
847.0	-0.05008
848.0	-0.04925
849.0	-0.04825
850.0	-0.04689
851.0	-0.04519
852.0	-0.04394
853.0	-0.04277
854.0	-0.04153
855.0	-0.04036
856.0	-0.03920
857.0	-0.03825
858.0	-0.03772
859.0	-0.03705
860.0	-0.03630
861.0	-0.03569
862.0	-0.03497
863.0	-0.03437
864.0	-0.03376
865.0	-0.03330
866.0	-0.03289
867.0	-0.03236
868.0	-0.03189
869.0	-0.03140
870.0	-0.03052
871.0	-0.02974
872.0	-0.02895
873.0	-0.02813
874.0	-0.02715
875.0	-0.02618
876.0	-0.02534
877.0	-0.02458
878.0	-0.02374
879.0	-0.02283
880.0	-0.02192
881.0	-0.02121
882.0	-0.02052
883.0	-0.01985
884.0	-0.01922
885.0	-0.01875
886.0	-0.01822
887.0	-0.01782
888.0	-0.01749
889.0	-0.01713
890.0	-0.01674
891.0	-0.01619
892.0	-0.01572
893.0	-0.01524
894.0	-0.01465
895.0	-0.01396
896.0	-0.01349
897.0	-0.01312
898.0	-0.01265
899.0	-0.01173
900.0	-0.01141
901.0	-0.01081
902.0	-0.01062
903.0	-0.01015
904.0	-0.00960
905.0	-0.00890
906.0	-0.00831
907.0	-0.00803
908.0	-0.00772
909.0	-0.00714
910.0	-0.00735
911.0	-0.00747
912.0	-0.00748
913.0	-0.00739
914.0	-0.00697
915.0	-0.00663
916.0	-0.00676
917.0	-0.00706
918.0	-0.00683
919.0	-0.00680
920.0	-0.00756
921.0	-0.00826
922.0	-0.00875
923.0	-0.00916
924.0	-0.00978
925.0	-0.01055
926.0	-0.01120
927.0	-0.01198
928.0	-0.01249
929.0	-0.01261
930.0	-0.01289
931.0	-0.01332
932.0	-0.01369
933.0	-0.01404
934.0	-0.01435
935.0	-0.01468
936.0	-0.01503
937.0	-0.01539
938.0	-0.01593
939.0	-0.01649
940.0	-0.01705
941.0	-0.01758
942.0	-0.01798
943.0	-0.01848
944.0	-0.01918
945.0	-0.01976
946.0	-0.02056
947.0	-0.02163
948.0	-0.02260
949.0	-0.02368
950.0	-0.02428
951.0	-0.02478
952.0	-0.02522
953.0	-0.02577
954.0	-0.02630
955.0	-0.02687
956.0	-0.02758
957.0	-0.02837
958.0	-0.02903
959.0	-0.02969
960.0	-0.03018
961.0	-0.03056
962.0	-0.03093
963.0	-0.03139
964.0	-0.03197
965.0	-0.03264
966.0	-0.03324
967.0	-0.03371
968.0	-0.03429
969.0	-0.03490
970.0	-0.03548
971.0	-0.03608
972.0	-0.03678
973.0	-0.03766
974.0	-0.03835
975.0	-0.03917
976.0	-0.04010
977.0	-0.04139
978.0	-0.04271
979.0	-0.04332
980.0	-0.04344
981.0	-0.04428
982.0	-0.04553
983.0	-0.04686
984.0	-0.04785
985.0	-0.04861
986.0	-0.04939
987.0	-0.05026
988.0	-0.05100
989.0	-0.05163
990.0	-0.05225
991.0	-0.05257
992.0	-0.05264
993.0	-0.05271
994.0	-0.05272
995.0	-0.05292
996.0	-0.05338
997.0	-0.05398
998.0	-0.05453
999.0	-0.05462
1000.0	-0.05471
1001.0	-0.05495
1002.0	-0.05513
1003.0	-0.05524
1004.0	-0.05530
1005.0	-0.05549
1006.0	-0.05579
1007.0	-0.05592
1008.0	-0.05602
1009.0	-0.05610
1010.0	-0.05607
1011.0	-0.05601
1012.0	-0.05602
1013.0	-0.05601
1014.0	-0.05617
1015.0	-0.05633
1016.0	-0.05630
1017.0	-0.05610
1018.0	-0.05592
1019.0	-0.05564
1020.0	-0.05556
1021.0	-0.05565
1022.0	-0.05522
1023.0	-0.05460
1024.0	-0.05437
1025.0	-0.05430
1026.0	-0.05428
1027.0	-0.05409
1028.0	-0.05390
1029.0	-0.05312
1030.0	-0.05273
1031.0	-0.05216
1032.0	-0.05183
1033.0	-0.05151
1034.0	-0.05123
1035.0	-0.05074
1036.0	-0.05030
1037.0	-0.04982
1038.0	-0.04928
1039.0	-0.04859
1040.0	-0.04769
1041.0	-0.04657
1042.0	-0.04574
1043.0	-0.04505
1044.0	-0.04414
1045.0	-0.04341
1046.0	-0.04267
1047.0	-0.04169
1048.0	-0.04077
1049.0	-0.03992
1050.0	-0.03911
1051.0	-0.03833
1052.0	-0.03779
1053.0	-0.03723
1054.0	-0.03655
1055.0	-0.03597
1056.0	-0.03534
1057.0	-0.03471
1058.0	-0.03417
1059.0	-0.03380
1060.0	-0.03343
1061.0	-0.03309
1062.0	-0.03268
1063.0	-0.03223
1064.0	-0.03191
1065.0	-0.03164
1066.0	-0.03110
1067.0	-0.03051
1068.0	-0.03001
1069.0	-0.02929
1070.0	-0.02867
1071.0	-0.02815
1072.0	-0.02758
1073.0	-0.02710
1074.0	-0.02666
1075.0	-0.02620
1076.0	-0.02588
1077.0	-0.02561
1078.0	-0.02517
1079.0	-0.02463
1080.0	-0.02411
1081.0	-0.02346
1082.0	-0.02288
1083.0	-0.02245
1084.0	-0.02190
1085.0	-0.02161
1086.0	-0.02139
1087.0	-0.02097
1088.0	-0.02037
1089.0	-0.01978
1090.0	-0.01935
1091.0	-0.01911
1092.0	-0.01874
1093.0	-0.01830
1094.0	-0.01777
1095.0	-0.01727
1096.0	-0.01695
1097.0	-0.01680
1098.0	-0.01654
1099.0	-0.01640
1100.0	-0.01632
1101.0	-0.01617
1102.0	-0.01597
1103.0	-0.01577
1104.0	-0.01585
1105.0	-0.01577
1106.0	-0.01580
1107.0	-0.01576
1108.0	-0.01575
1109.0	-0.01576
1110.0	-0.01571
1111.0	-0.01554
1112.0	-0.01565
1113.0	-0.01580
1114.0	-0.01589
1115.0	-0.01584
1116.0	-0.01573
1117.0	-0.01574
1118.0	-0.01578
1119.0	-0.01609
1120.0	-0.01637
1121.0	-0.01657
1122.0	-0.01686
1123.0	-0.01721
1124.0	-0.01743
1125.0	-0.01772
1126.0	-0.01800
1127.0	-0.01806
1128.0	-0.01811
1129.0	-0.01832
1130.0	-0.01854
1131.0	-0.01905
1132.0	-0.01952
1133.0	-0.01996
1134.0	-0.02020
1135.0	-0.02036
1136.0	-0.02088
1137.0	-0.02135
1138.0	-0.02171
1139.0	-0.02230
1140.0	-0.02267
1141.0	-0.02334
1142.0	-0.02389
1143.0	-0.02419
1144.0	-0.02464
1145.0	-0.02534
1146.0	-0.02583
1147.0	-0.02625
1148.0	-0.02666
1149.0	-0.02718
1150.0	-0.02775
1151.0	-0.02832
1152.0	-0.02886
1153.0	-0.02946
1154.0	-0.03015
1155.0	-0.03069
1156.0	-0.03108
1157.0	-0.03140
1158.0	-0.03180
1159.0	-0.03215
1160.0	-0.03237
1161.0	-0.03269
1162.0	-0.03316
1163.0	-0.03356
1164.0	-0.03389
1165.0	-0.03422
1166.0	-0.03452
1167.0	-0.03494
1168.0	-0.03547
1169.0	-0.03602
1170.0	-0.03646
1171.0	-0.03683
1172.0	-0.03745
1173.0	-0.03815
1174.0	-0.03892
1175.0	-0.03956
1176.0	-0.04019
1177.0	-0.04093
1178.0	-0.04161
1179.0	-0.04260
1180.0	-0.04380
1181.0	-0.04445
1182.0	-0.04470
1183.0	-0.04491
1184.0	-0.04541
1185.0	-0.04607
1186.0	-0.04674
1187.0	-0.04737
1188.0	-0.04795
1189.0	-0.04865
1190.0	-0.04903
1191.0	-0.04941
1192.0	-0.04982
1193.0	-0.05011
1194.0	-0.05042
1195.0	-0.05069
1196.0	-0.05105
1197.0	-0.05135
1198.0	-0.05174
1199.0	-0.05197
1200.0	-0.05209
1201.0	-0.05232
1202.0	-0.05255
1203.0	-0.05275
1204.0	-0.05282
1205.0	-0.05282
1206.0	-0.05285
1207.0	-0.05268
1208.0	-0.05268
1209.0	-0.05295
1210.0	-0.05310
1211.0	-0.05300
1212.0	-0.05300
1213.0	-0.05298
1214.0	-0.05283
1215.0	-0.05298
1216.0	-0.05309
1217.0	-0.05302
1218.0	-0.05297
1219.0	-0.05276
1220.0	-0.05244
1221.0	-0.05233
1222.0	-0.05214
1223.0	-0.05176
1224.0	-0.05126
1225.0	-0.05095
1226.0	-0.05082
1227.0	-0.05058
1228.0	-0.05020
1229.0	-0.04985
1230.0	-0.04940
1231.0	-0.04923
1232.0	-0.04907
1233.0	-0.04894
1234.0	-0.04856
1235.0	-0.04797
1236.0	-0.04741
1237.0	-0.04656
1238.0	-0.04561
1239.0	-0.04456
1240.0	-0.04374
1241.0	-0.04295
1242.0	-0.04210
1243.0	-0.04134
1244.0	-0.04090
1245.0	-0.04047
1246.0	-0.03991
1247.0	-0.03927
1248.0	-0.03861
1249.0	-0.03801
1250.0	-0.03723
1251.0	-0.03657
1252.0	-0.03618
1253.0	-0.03575
1254.0	-0.03529
1255.0	-0.03503
1256.0	-0.03472
1257.0	-0.03433
1258.0	-0.03402
1259.0	-0.03379
1260.0	-0.03360
1261.0	-0.03347
1262.0	-0.03329
1263.0	-0.03297
1264.0	-0.03252
1265.0	-0.03200
1266.0	-0.03153
1267.0	-0.03099
1268.0	-0.03052
1269.0	-0.02997
1270.0	-0.02959
1271.0	-0.02921
1272.0	-0.02880
1273.0	-0.02849
1274.0	-0.02818
1275.0	-0.02782
1276.0	-0.02750
1277.0	-0.02710
1278.0	-0.02689
1279.0	-0.02637
1280.0	-0.02594
1281.0	-0.02554
1282.0	-0.02498
1283.0	-0.02430
1284.0	-0.02390
1285.0	-0.02329
1286.0	-0.02281
1287.0	-0.02233
1288.0	-0.02202
1289.0	-0.02188
1290.0	-0.02171
1291.0	-0.02141
1292.0	-0.02117
1293.0	-0.02100
1294.0	-0.02083
1295.0	-0.02062
1296.0	-0.02074
1297.0	-0.02098
1298.0	-0.02092
1299.0	-0.02108
1300.0	-0.02103
1301.0	-0.02086
1302.0	-0.02068
1303.0	-0.02038
1304.0	-0.02009
1305.0	-0.01998
1306.0	-0.01990
1307.0	-0.02007
1308.0	-0.02043
1309.0	-0.02056
1310.0	-0.02063
1311.0	-0.02077
1312.0	-0.02079
1313.0	-0.02092
1314.0	-0.02098
1315.0	-0.02104
1316.0	-0.02116
1317.0	-0.02153
1318.0	-0.02151
1319.0	-0.02176
1320.0	-0.02222
1321.0	-0.02250
1322.0	-0.02264
1323.0	-0.02278
1324.0	-0.02280
1325.0	-0.02302
1326.0	-0.02337
1327.0	-0.02380
1328.0	-0.02422
1329.0	-0.02459
1330.0	-0.02487
1331.0	-0.02505
1332.0	-0.02538
1333.0	-0.02576
1334.0	-0.02596
1335.0	-0.02626
1336.0	-0.02651
1337.0	-0.02692
1338.0	-0.02724
1339.0	-0.02754
1340.0	-0.02788
1341.0	-0.02846
1342.0	-0.02928
1343.0	-0.02989
1344.0	-0.03028
1345.0	-0.03050
1346.0	-0.03051
1347.0	-0.03072
1348.0	-0.03111
1349.0	-0.03155
1350.0	-0.03191
1351.0	-0.03215
1352.0	-0.03238
1353.0	-0.03263
1354.0	-0.03277
1355.0	-0.03293
1356.0	-0.03314
1357.0	-0.03341
1358.0	-0.03372
1359.0	-0.03406
1360.0	-0.03445
1361.0	-0.03479
1362.0	-0.03523
1363.0	-0.03557
1364.0	-0.03610
1365.0	-0.03640
1366.0	-0.03659
1367.0	-0.03711
1368.0	-0.03764
1369.0	-0.03795
1370.0	-0.03837
1371.0	-0.03858
1372.0	-0.03873
1373.0	-0.03936
1374.0	-0.04002
1375.0	-0.04088
1376.0	-0.04177
1377.0	-0.04251
1378.0	-0.04332
1379.0	-0.04402
1380.0	-0.04469
1381.0	-0.04549
1382.0	-0.04628
1383.0	-0.04666
1384.0	-0.04660
1385.0	-0.04669
1386.0	-0.04724
1387.0	-0.04756
1388.0	-0.04798
1389.0	-0.04830
1390.0	-0.04864
1391.0	-0.04886
1392.0	-0.04902
1393.0	-0.04916
1394.0	-0.04944
1395.0	-0.04944
1396.0	-0.04940
1397.0	-0.04964
1398.0	-0.05002
1399.0	-0.05010
1400.0	-0.05008
1401.0	-0.04983
1402.0	-0.04972
1403.0	-0.04965
1404.0	-0.04966
1405.0	-0.04941
1406.0	-0.04926
1407.0	-0.04926
1408.0	-0.04938
1409.0	-0.04940
1410.0	-0.04942
1411.0	-0.04939
1412.0	-0.04905
1413.0	-0.04871
1414.0	-0.04887
1415.0	-0.04906
1416.0	-0.04867
1417.0	-0.04817
1418.0	-0.04790
1419.0	-0.04768
1420.0	-0.04730
1421.0	-0.04704
1422.0	-0.04710
1423.0	-0.04679
1424.0	-0.04643
1425.0	-0.04612
1426.0	-0.04609
1427.0	-0.04583
1428.0	-0.04544
1429.0	-0.04485
1430.0	-0.04397
1431.0	-0.04374
1432.0	-0.04314
1433.0	-0.04243
1434.0	-0.04177
1435.0	-0.04137
1436.0	-0.04102
1437.0	-0.04045
1438.0	-0.03978
1439.0	-0.03919
1440.0	-0.03866
1441.0	-0.03810
1442.0	-0.03772
1443.0	-0.03735
1444.0	-0.03706
1445.0	-0.03650
1446.0	-0.03594
1447.0	-0.03549
1448.0	-0.03508
1449.0	-0.03485
1450.0	-0.03452
1451.0	-0.03418
1452.0	-0.03385
1453.0	-0.03355
1454.0	-0.03346
1455.0	-0.03330
1456.0	-0.03328
1457.0	-0.03319
1458.0	-0.03304
1459.0	-0.03276
1460.0	-0.03256
1461.0	-0.03240
1462.0	-0.03236
1463.0	-0.03199
1464.0	-0.03160
1465.0	-0.03132
1466.0	-0.03103
1467.0	-0.03087
1468.0	-0.03075
1469.0	-0.03038
1470.0	-0.02999
1471.0	-0.02972
1472.0	-0.02944
1473.0	-0.02926
1474.0	-0.02905
1475.0	-0.02871
1476.0	-0.02840
1477.0	-0.02808
1478.0	-0.02756
1479.0	-0.02712
1480.0	-0.02678
1481.0	-0.02652
1482.0	-0.02636
1483.0	-0.02628
1484.0	-0.02603
1485.0	-0.02567
1486.0	-0.02549
1487.0	-0.02534
1488.0	-0.02511
1489.0	-0.02476
1490.0	-0.02460
1491.0	-0.02453
1492.0	-0.02419
1493.0	-0.02389
1494.0	-0.02354
1495.0	-0.02331
1496.0	-0.02318
1497.0	-0.02294
1498.0	-0.02272
1499.0	-0.02269
1500.0	-0.02270
1501.0	-0.02270
1502.0	-0.02271
1503.0	-0.02283
1504.0	-0.02264
1505.0	-0.02250
1506.0	-0.02253
1507.0	-0.02265
1508.0	-0.02270
1509.0	-0.02266
1510.0	-0.02252
1511.0	-0.02249
1512.0	-0.02255
1513.0	-0.02250
1514.0	-0.02268
1515.0	-0.02297
1516.0	-0.02282
1517.0	-0.02282
1518.0	-0.02305
1519.0	-0.02323
1520.0	-0.02333
1521.0	-0.02373
1522.0	-0.02429
1523.0	-0.02485
1524.0	-0.02525
1525.0	-0.02540
1526.0	-0.02558
1527.0	-0.02592
1528.0	-0.02621
1529.0	-0.02654
1530.0	-0.02678
1531.0	-0.02704
1532.0	-0.02710
1533.0	-0.02712
1534.0	-0.02732
1535.0	-0.02767
1536.0	-0.02791
1537.0	-0.02819
1538.0	-0.02844
1539.0	-0.02871
1540.0	-0.02911
1541.0	-0.02949
1542.0	-0.02981
1543.0	-0.03003
1544.0	-0.03026
1545.0	-0.03050
1546.0	-0.03092
1547.0	-0.03130
1548.0	-0.03170
1549.0	-0.03190
1550.0	-0.03215
1551.0	-0.03250
1552.0	-0.03276
1553.0	-0.03295
1554.0	-0.03312
1555.0	-0.03327
1556.0	-0.03352
1557.0	-0.03372
1558.0	-0.03383
1559.0	-0.03396
1560.0	-0.03422
1561.0	-0.03450
1562.0	-0.03470
1563.0	-0.03499
1564.0	-0.03533
1565.0	-0.03550
1566.0	-0.03562
1567.0	-0.03605
1568.0	-0.03636
1569.0	-0.03659
1570.0	-0.03697
1571.0	-0.03744
1572.0	-0.03773
1573.0	-0.03793
1574.0	-0.03827
1575.0	-0.03881
1576.0	-0.03906
1577.0	-0.03954
1578.0	-0.04013
1579.0	-0.04092
1580.0	-0.04186
1581.0	-0.04217
1582.0	-0.04221
1583.0	-0.04245
1584.0	-0.04284
1585.0	-0.04321
1586.0	-0.04338
1587.0	-0.04330
1588.0	-0.04308
1589.0	-0.04308
1590.0	-0.04313
1591.0	-0.04306
1592.0	-0.04336
1593.0	-0.04401
1594.0	-0.04478
1595.0	-0.04543
1596.0	-0.04572
1597.0	-0.04570
1598.0	-0.04587
1599.0	-0.04630
1600.0	-0.04645
1601.0	-0.04670
1602.0	-0.04693
1603.0	-0.04685
1604.0	-0.04651
1605.0	-0.04630
1606.0	-0.04618
1607.0	-0.04607
1608.0	-0.04605
1609.0	-0.04591
1610.0	-0.04604
1611.0	-0.04606
1612.0	-0.04572
1613.0	-0.04547
1614.0	-0.04557
1615.0	-0.04582
1616.0	-0.04557
1617.0	-0.04511
1618.0	-0.04425
1619.0	-0.04369
1620.0	-0.04320
1621.0	-0.04268
1622.0	-0.04234
1623.0	-0.04215
1624.0	-0.04198
1625.0	-0.04196
1626.0	-0.04184
1627.0	-0.04153
1628.0	-0.04078
1629.0	-0.04002
1630.0	-0.03961
1631.0	-0.03930
1632.0	-0.03881
1633.0	-0.03846
1634.0	-0.03812
1635.0	-0.03786
1636.0	-0.03766
1637.0	-0.03743
1638.0	-0.03725
1639.0	-0.03701
1640.0	-0.03645
1641.0	-0.03611
1642.0	-0.03573
1643.0	-0.03534
1644.0	-0.03530
1645.0	-0.03529
1646.0	-0.03514
1647.0	-0.03499
1648.0	-0.03487
1649.0	-0.03459
1650.0	-0.03420
1651.0	-0.03378
1652.0	-0.03344
1653.0	-0.03334
1654.0	-0.03320
1655.0	-0.03297
1656.0	-0.03276
1657.0	-0.03262
1658.0	-0.03241
1659.0	-0.03208
1660.0	-0.03183
1661.0	-0.03177
1662.0	-0.03149
1663.0	-0.03125
1664.0	-0.03101
1665.0	-0.03083
1666.0	-0.03046
1667.0	-0.03046
1668.0	-0.03050
1669.0	-0.03031
1670.0	-0.02990
1671.0	-0.02954
1672.0	-0.02930
1673.0	-0.02890
1674.0	-0.02852
1675.0	-0.02810
1676.0	-0.02771
1677.0	-0.02760
1678.0	-0.02744
1679.0	-0.02732
1680.0	-0.02707
1681.0	-0.02681
1682.0	-0.02651
1683.0	-0.02617
1684.0	-0.02588
1685.0	-0.02566
1686.0	-0.02568
1687.0	-0.02557
1688.0	-0.02549
1689.0	-0.02554
1690.0	-0.02566
1691.0	-0.02570
1692.0	-0.02570
1693.0	-0.02581
1694.0	-0.02592
1695.0	-0.02599
1696.0	-0.02581
1697.0	-0.02579
1698.0	-0.02581
1699.0	-0.02570
1700.0	-0.02571
1701.0	-0.02580
1702.0	-0.02590
1703.0	-0.02598
1704.0	-0.02631
1705.0	-0.02660
1706.0	-0.02680
1707.0	-0.02684
1708.0	-0.02677
1709.0	-0.02650
1710.0	-0.02640
1711.0	-0.02630
1712.0	-0.02626
1713.0	-0.02620
1714.0	-0.02614
1715.0	-0.02629
1716.0	-0.02655
1717.0	-0.02673
1718.0	-0.02688
1719.0	-0.02706
1720.0	-0.02744
1721.0	-0.02781
1722.0	-0.02798
1723.0	-0.02832
1724.0	-0.02861
1725.0	-0.02860
1726.0	-0.02877
1727.0	-0.02896
1728.0	-0.02905
1729.0	-0.02907
1730.0	-0.02912
1731.0	-0.02940
1732.0	-0.02969
1733.0	-0.02964
1734.0	-0.02978
1735.0	-0.02997
1736.0	-0.03012
1737.0	-0.03026
1738.0	-0.03056
1739.0	-0.03110
1740.0	-0.03160
1741.0	-0.03187
1742.0	-0.03209
1743.0	-0.03228
1744.0	-0.03245
1745.0	-0.03254
1746.0	-0.03261
1747.0	-0.03275
1748.0	-0.03298
1749.0	-0.03324
1750.0	-0.03347
1751.0	-0.03353
1752.0	-0.03374
1753.0	-0.03390
1754.0	-0.03395
1755.0	-0.03406
1756.0	-0.03417
1757.0	-0.03437
1758.0	-0.03453
1759.0	-0.03483
1760.0	-0.03508
1761.0	-0.03529
1762.0	-0.03549
1763.0	-0.03572
1764.0	-0.03598
1765.0	-0.03619
1766.0	-0.03644
1767.0	-0.03684
1768.0	-0.03722
1769.0	-0.03751
1770.0	-0.03769
1771.0	-0.03762
1772.0	-0.03780
1773.0	-0.03810
1774.0	-0.03834
1775.0	-0.03854
1776.0	-0.03893
1777.0	-0.03915
1778.0	-0.03932
1779.0	-0.03936
1780.0	-0.03922
1781.0	-0.03933
1782.0	-0.03929
1783.0	-0.03910
1784.0	-0.03914
1785.0	-0.03907
1786.0	-0.03919
1787.0	-0.03956
1788.0	-0.03993
1789.0	-0.04042
1790.0	-0.04092
1791.0	-0.04108
1792.0	-0.04158
1793.0	-0.04160
1794.0	-0.04147
1795.0	-0.04166
1796.0	-0.04152
1797.0	-0.04156
1798.0	-0.04159
1799.0	-0.04150
1800.0	-0.04126
1801.0	-0.04116
1802.0	-0.04075
1803.0	-0.04056
1804.0	-0.04054
1805.0	-0.04035
1806.0	-0.04008
1807.0	-0.03988
1808.0	-0.03991
1809.0	-0.04000
1810.0	-0.03980
1811.0	-0.03951
1812.0	-0.03909
1813.0	-0.03860
1814.0	-0.03826
1815.0	-0.03810
1816.0	-0.03810
1817.0	-0.03790
1818.0	-0.03773
1819.0	-0.03780
1820.0	-0.03767
1821.0	-0.03769
1822.0	-0.03770
1823.0	-0.03755
1824.0	-0.03716
1825.0	-0.03687
1826.0	-0.03676
1827.0	-0.03655
1828.0	-0.03622
1829.0	-0.03595
1830.0	-0.03588
1831.0	-0.03580
1832.0	-0.03577
1833.0	-0.03570
1834.0	-0.03552
1835.0	-0.03522
1836.0	-0.03498
1837.0	-0.03484
1838.0	-0.03478
1839.0	-0.03474
1840.0	-0.03461
1841.0	-0.03456
1842.0	-0.03442
1843.0	-0.03424
1844.0	-0.03398
1845.0	-0.03380
1846.0	-0.03367
1847.0	-0.03348
1848.0	-0.03318
1849.0	-0.03288
1850.0	-0.03272
1851.0	-0.03277
1852.0	-0.03261
1853.0	-0.03242
1854.0	-0.03225
1855.0	-0.03212
1856.0	-0.03197
1857.0	-0.03180
1858.0	-0.03159
1859.0	-0.03148
1860.0	-0.03135
1861.0	-0.03121
1862.0	-0.03111
1863.0	-0.03115
1864.0	-0.03113
1865.0	-0.03114
1866.0	-0.03129
1867.0	-0.03145
1868.0	-0.03150
1869.0	-0.03130
1870.0	-0.03098
1871.0	-0.03050
1872.0	-0.03030
1873.0	-0.03021
1874.0	-0.03012
1875.0	-0.02994
1876.0	-0.03001
1877.0	-0.02978
1878.0	-0.02960
1879.0	-0.02969
1880.0	-0.02976
1881.0	-0.02976
1882.0	-0.02959
1883.0	-0.02952
1884.0	-0.02954
1885.0	-0.02958
1886.0	-0.02957
1887.0	-0.02962
1888.0	-0.02940
1889.0	-0.02930
1890.0	-0.02944
1891.0	-0.02950
1892.0	-0.02950
1893.0	-0.02944
1894.0	-0.02950
1895.0	-0.02950
1896.0	-0.02941
1897.0	-0.02940
1898.0	-0.02957
1899.0	-0.02961
1900.0	-0.02983
1901.0	-0.02980
1902.0	-0.02992
1903.0	-0.03000
1904.0	-0.03006
1905.0	-0.03013
1906.0	-0.03001
1907.0	-0.03011
1908.0	-0.03010
1909.0	-0.02989
1910.0	-0.02993
1911.0	-0.03000
1912.0	-0.03030
1913.0	-0.03059
1914.0	-0.03069
1915.0	-0.03061
1916.0	-0.03063
1917.0	-0.03077
1918.0	-0.03099
1919.0	-0.03105
1920.0	-0.03106
1921.0	-0.03110
1922.0	-0.03112
1923.0	-0.03113
1924.0	-0.03120
1925.0	-0.03129
1926.0	-0.03143
1927.0	-0.03165
1928.0	-0.03170
1929.0	-0.03178
1930.0	-0.03190
1931.0	-0.03180
1932.0	-0.03193
1933.0	-0.03205
1934.0	-0.03220
1935.0	-0.03244
1936.0	-0.03275
1937.0	-0.03298
1938.0	-0.03317
1939.0	-0.03325
1940.0	-0.03341
1941.0	-0.03355
1942.0	-0.03379
1943.0	-0.03400
1944.0	-0.03417
1945.0	-0.03446
1946.0	-0.03437
1947.0	-0.03437
1948.0	-0.03452
1949.0	-0.03491
1950.0	-0.03500
1951.0	-0.03503
1952.0	-0.03524
1953.0	-0.03518
1954.0	-0.03496
1955.0	-0.03498
1956.0	-0.03503
1957.0	-0.03524
1958.0	-0.03531
1959.0	-0.03552
1960.0	-0.03590
1961.0	-0.03626
1962.0	-0.03631
1963.0	-0.03640
1964.0	-0.03659
1965.0	-0.03671
1966.0	-0.03673
1967.0	-0.03680
1968.0	-0.03680
1969.0	-0.03679
1970.0	-0.03684
1971.0	-0.03725
1972.0	-0.03741
1973.0	-0.03738
1974.0	-0.03752
1975.0	-0.03781
1976.0	-0.03807
1977.0	-0.03810
1978.0	-0.03803
1979.0	-0.03831
1980.0	-0.03850
1981.0	-0.03891
1982.0	-0.03899
1983.0	-0.03888
1984.0	-0.03846
1985.0	-0.03816
1986.0	-0.03806
1987.0	-0.03813
1988.0	-0.03813
1989.0	-0.03817
1990.0	-0.03846
1991.0	-0.03901
1992.0	-0.03911
1993.0	-0.03927
1994.0	-0.03937
1995.0	-0.03912
1996.0	-0.03878
1997.0	-0.03862
1998.0	-0.03860
1999.0	-0.03871
2000.0	-0.03889
2001.0	-0.03877
2002.0	-0.03882
2003.0	-0.03951
2004.0	-0.04035
2005.0	-0.04076
2006.0	-0.04046
2007.0	-0.04033
2008.0	-0.04018
2009.0	-0.03974
2010.0	-0.03930
2011.0	-0.03882
2012.0	-0.03848
2013.0	-0.03817
2014.0	-0.03790
2015.0	-0.03768
2016.0	-0.03756
2017.0	-0.03745
2018.0	-0.03757
2019.0	-0.03754
2020.0	-0.03752
2021.0	-0.03754
2022.0	-0.03739
2023.0	-0.03717
2024.0	-0.03675
2025.0	-0.03660
2026.0	-0.03651
2027.0	-0.03647
2028.0	-0.03610
2029.0	-0.03592
2030.0	-0.03570
2031.0	-0.03555
2032.0	-0.03550
2033.0	-0.03539
2034.0	-0.03522
2035.0	-0.03521
2036.0	-0.03528
2037.0	-0.03526
2038.0	-0.03515
2039.0	-0.03519
2040.0	-0.03489
2041.0	-0.03442
2042.0	-0.03422
2043.0	-0.03414
2044.0	-0.03420
2045.0	-0.03413
2046.0	-0.03404
2047.0	-0.03400
