0.0	0.05382
1.0	0.05247
2.0	0.05117
3.0	0.04971
4.0	0.04878
5.0	0.04791
6.0	0.04689
7.0	0.04605
8.0	0.04525
9.0	0.04442
10.0	0.04350
11.0	0.04251
12.0	0.04132
13.0	0.04005
14.0	0.03851
15.0	0.03705
16.0	0.03551
17.0	0.03405
18.0	0.03222
19.0	0.03064
20.0	0.02904
21.0	0.02761
22.0	0.02619
23.0	0.02515
24.0	0.02425
25.0	0.02326
26.0	0.02183
27.0	0.02055
28.0	0.01948
29.0	0.01863
30.0	0.01777
31.0	0.01666
32.0	0.01547
33.0	0.01441
34.0	0.01334
35.0	0.01242
36.0	0.01174
37.0	0.01116
38.0	0.01049
39.0	0.00988
40.0	0.00946
41.0	0.00907
42.0	0.00872
43.0	0.00829
44.0	0.00791
45.0	0.00736
46.0	0.00688
47.0	0.00647
48.0	0.00605
49.0	0.00574
50.0	0.00555
51.0	0.00540
52.0	0.00519
53.0	0.00495
54.0	0.00484
55.0	0.00490
56.0	0.00486
57.0	0.00489
58.0	0.00487
59.0	0.00499
60.0	0.00489
61.0	0.00471
62.0	0.00467
63.0	0.00483
64.0	0.00499
65.0	0.00521
66.0	0.00538
67.0	0.00553
68.0	0.00584
69.0	0.00603
70.0	0.00645
71.0	0.00681
72.0	0.00718
73.0	0.00744
74.0	0.00775
75.0	0.00803
76.0	0.00861
77.0	0.00947
78.0	0.01015
79.0	0.01075
80.0	0.01148
81.0	0.01232
82.0	0.01326
83.0	0.01431
84.0	0.01527
85.0	0.01619
86.0	0.01700
87.0	0.01776
88.0	0.01863
89.0	0.01952
90.0	0.02020
91.0	0.02096
92.0	0.02181
93.0	0.02291
94.0	0.02389
95.0	0.02499
96.0	0.02607
97.0	0.02723
98.0	0.02846
99.0	0.02979
100.0	0.03099
101.0	0.03243
102.0	0.03395
103.0	0.03551
104.0	0.03692
105.0	0.03801
106.0	0.03890
107.0	0.03973
108.0	0.04064
109.0	0.04157
110.0	0.04229
111.0	0.04297
112.0	0.04373
113.0	0.04437
114.0	0.04508
115.0	0.04581
116.0	0.04656
117.0	0.04750
118.0	0.04865
119.0	0.04953
120.0	0.05024
121.0	0.05090
122.0	0.05175
123.0	0.05247
124.0	0.05340
125.0	0.05451
126.0	0.05559
127.0	0.05651
128.0	0.05699
129.0	0.05749
130.0	0.05839
131.0	0.05933
132.0	0.06011
133.0	0.06058
134.0	0.06104
135.0	0.06154
136.0	0.06205
137.0	0.06259
138.0	0.06309
139.0	0.06374
140.0	0.06473
141.0	0.06558
142.0	0.06616
143.0	0.06667
144.0	0.06693
145.0	0.06712
146.0	0.06724
147.0	0.06764
148.0	0.06824
149.0	0.06869
150.0	0.06912
151.0	0.06949
152.0	0.06961
153.0	0.06988
154.0	0.07022
155.0	0.07052
156.0	0.07073
157.0	0.07074
158.0	0.07057
159.0	0.07046
160.0	0.07026
161.0	0.07000
162.0	0.06973
163.0	0.06968
164.0	0.06951
165.0	0.06933
166.0	0.06917
167.0	0.06883
168.0	0.06830
169.0	0.06767
170.0	0.06722
171.0	0.06690
172.0	0.06628
173.0	0.06582
174.0	0.06525
175.0	0.06464
176.0	0.06404
177.0	0.06350
178.0	0.06286
179.0	0.06213
180.0	0.06152
181.0	0.06101
182.0	0.06027
183.0	0.05955
184.0	0.05890
185.0	0.05814
186.0	0.05754
187.0	0.05681
188.0	0.05576
189.0	0.05494
190.0	0.05417
191.0	0.05336
192.0	0.05248
193.0	0.05155
194.0	0.05064
195.0	0.04976
196.0	0.04904
197.0	0.04817
198.0	0.04731
199.0	0.04657
200.0	0.04587
201.0	0.04505
202.0	0.04444
203.0	0.04376
204.0	0.04277
205.0	0.04190
206.0	0.04106
207.0	0.03980
208.0	0.03869
209.0	0.03756
210.0	0.03628
211.0	0.03505
212.0	0.03362
213.0	0.03191
214.0	0.03046
215.0	0.02920
216.0	0.02801
217.0	0.02671
218.0	0.02567
219.0	0.02485
220.0	0.02401
221.0	0.02327
222.0	0.02244
223.0	0.02169
224.0	0.02084
225.0	0.01992
226.0	0.01906
227.0	0.01851
228.0	0.01786
229.0	0.01691
230.0	0.01601
231.0	0.01501
232.0	0.01422
233.0	0.01340
234.0	0.01258
235.0	0.01210
236.0	0.01141
237.0	0.01073
238.0	0.01019
239.0	0.00974
240.0	0.00955
241.0	0.00955
242.0	0.00934
243.0	0.00902
244.0	0.00872
245.0	0.00849
246.0	0.00838
247.0	0.00809
248.0	0.00780
249.0	0.00746
250.0	0.00747
251.0	0.00754
252.0	0.00756
253.0	0.00745
254.0	0.00741
255.0	0.00750
256.0	0.00750
257.0	0.00758
258.0	0.00758
259.0	0.00764
260.0	0.00767
261.0	0.00795
262.0	0.00824
263.0	0.00852
264.0	0.00865
265.0	0.00898
266.0	0.00938
267.0	0.00975
268.0	0.01038
269.0	0.01066
270.0	0.01107
271.0	0.01152
272.0	0.01201
273.0	0.01249
274.0	0.01303
275.0	0.01352
276.0	0.01402
277.0	0.01460
278.0	0.01506
279.0	0.01538
280.0	0.01597
281.0	0.01667
282.0	0.01736
283.0	0.01826
284.0	0.01882
285.0	0.01970
286.0	0.02067
287.0	0.02143
288.0	0.02227
289.0	0.02310
290.0	0.02401
291.0	0.02510
292.0	0.02608
293.0	0.02690
294.0	0.02820
295.0	0.02951
296.0	0.03027
297.0	0.03154
298.0	0.03298
299.0	0.03441
300.0	0.03562
301.0	0.03683
302.0	0.03809
303.0	0.03911
304.0	0.03994
305.0	0.04095
306.0	0.04161
307.0	0.04226
308.0	0.04301
309.0	0.04373
310.0	0.04436
311.0	0.04498
312.0	0.04573
313.0	0.04657
314.0	0.04711
315.0	0.04764
316.0	0.04834
317.0	0.04912
318.0	0.05014
319.0	0.05116
320.0	0.05240
321.0	0.05346
322.0	0.05411
323.0	0.05491
324.0	0.05555
325.0	0.05632
326.0	0.05719
327.0	0.05802
328.0	0.05873
329.0	0.05958
330.0	0.06011
331.0	0.06071
332.0	0.06124
333.0	0.06145
334.0	0.06160
335.0	0.06185
336.0	0.06208
337.0	0.06261
338.0	0.06311
339.0	0.06334
340.0	0.06359
341.0	0.06398
342.0	0.06429
343.0	0.06473
344.0	0.06488
345.0	0.06511
346.0	0.06536
347.0	0.06563
348.0	0.06596
349.0	0.06627
350.0	0.06695
351.0	0.06727
352.0	0.06740
353.0	0.06732
354.0	0.06719
355.0	0.06731
356.0	0.06716
357.0	0.06703
358.0	0.06686
359.0	0.06677
360.0	0.06661
361.0	0.06633
362.0	0.06618
363.0	0.06601
364.0	0.06563
365.0	0.06530
366.0	0.06499
367.0	0.06462
368.0	0.06428
369.0	0.06372
370.0	0.06322
371.0	0.06268
372.0	0.06211
373.0	0.06151
374.0	0.06087
375.0	0.06043
376.0	0.06016
377.0	0.05969
378.0	0.05905
379.0	0.05817
380.0	0.05739
381.0	0.05640
382.0	0.05563
383.0	0.05488
384.0	0.05400
385.0	0.05272
386.0	0.05154
387.0	0.05058
388.0	0.04965
389.0	0.04899
390.0	0.04827
391.0	0.04778
392.0	0.04724
393.0	0.04669
394.0	0.04603
395.0	0.04538
396.0	0.04494
397.0	0.04450
398.0	0.04406
399.0	0.04355
400.0	0.04311
401.0	0.04260
402.0	0.04198
403.0	0.04113
404.0	0.04002
405.0	0.03850
406.0	0.03682
407.0	0.03512
408.0	0.03410
409.0	0.03337
410.0	0.03264
411.0	0.03150
412.0	0.03045
413.0	0.02940
414.0	0.02832
415.0	0.02752
416.0	0.02669
417.0	0.02586
418.0	0.02518
419.0	0.02442
420.0	0.02350
421.0	0.02263
422.0	0.02209
423.0	0.02158
424.0	0.02083
425.0	0.02019
426.0	0.01958
427.0	0.01883
428.0	0.01791
429.0	0.01710
430.0	0.01645
431.0	0.01601
432.0	0.01541
433.0	0.01495
434.0	0.01472
435.0	0.01449
436.0	0.01401
437.0	0.01328
438.0	0.01278
439.0	0.01268
440.0	0.01272
441.0	0.01249
442.0	0.01218
443.0	0.01205
444.0	0.01185
445.0	0.01186
446.0	0.01184
447.0	0.01166
448.0	0.01132
449.0	0.01108
450.0	0.01112
451.0	0.01102
452.0	0.01119
453.0	0.01160
454.0	0.01179
455.0	0.01210
456.0	0.01236
457.0	0.01261
458.0	0.01272
459.0	0.01288
460.0	0.01318
461.0	0.01361
462.0	0.01380
463.0	0.01378
464.0	0.01419
465.0	0.01487
466.0	0.01536
467.0	0.01578
468.0	0.01621
469.0	0.01660
470.0	0.01722
471.0	0.01794
472.0	0.01847
473.0	0.01897
474.0	0.01963
475.0	0.02007
476.0	0.02054
477.0	0.02116
478.0	0.02190
479.0	0.02263
480.0	0.02325
481.0	0.02394
482.0	0.02457
483.0	0.02518
484.0	0.02581
485.0	0.02651
486.0	0.02732
487.0	0.02818
488.0	0.02935
489.0	0.03037
490.0	0.03147
491.0	0.03277
492.0	0.03411
493.0	0.03489
494.0	0.03581
495.0	0.03715
496.0	0.03844
497.0	0.03951
498.0	0.04050
499.0	0.04137
500.0	0.04206
501.0	0.04256
502.0	0.04312
503.0	0.04354
504.0	0.04393
505.0	0.04436
506.0	0.04472
507.0	0.04517
508.0	0.04574
509.0	0.04622
510.0	0.04670
511.0	0.04735
512.0	0.04802
513.0	0.04863
514.0	0.04922
515.0	0.04994
516.0	0.05058
517.0	0.05125
518.0	0.05197
519.0	0.05256
520.0	0.05317
521.0	0.05363
522.0	0.05419
523.0	0.05488
524.0	0.05546
525.0	0.05596
526.0	0.05663
527.0	0.05727
528.0	0.05782
529.0	0.05817
530.0	0.05848
531.0	0.05879
532.0	0.05930
533.0	0.05959
534.0	0.05998
535.0	0.06027
536.0	0.06038
537.0	0.06065
538.0	0.06093
539.0	0.06118
540.0	0.06147
541.0	0.06181
542.0	0.06190
543.0	0.06197
544.0	0.06202
545.0	0.06200
546.0	0.06200
547.0	0.06208
548.0	0.06199
549.0	0.06177
550.0	0.06161
551.0	0.06156
552.0	0.06147
553.0	0.06131
554.0	0.06109
555.0	0.06096
556.0	0.06079
557.0	0.06057
558.0	0.06017
559.0	0.05966
560.0	0.05901
561.0	0.05850
562.0	0.05809
563.0	0.05766
564.0	0.05714
565.0	0.05671
566.0	0.05628
567.0	0.05572
568.0	0.05531
569.0	0.05488
570.0	0.05454
571.0	0.05387
572.0	0.05327
573.0	0.05268
574.0	0.05209
575.0	0.05164
576.0	0.05088
577.0	0.05031
578.0	0.04972
579.0	0.04932
580.0	0.04891
581.0	0.04847
582.0	0.04783
583.0	0.04733
584.0	0.04678
585.0	0.04637
586.0	0.04590
587.0	0.04532
588.0	0.04492
589.0	0.04448
590.0	0.04390
591.0	0.04343
592.0	0.04297
593.0	0.04235
594.0	0.04144
595.0	0.04076
596.0	0.04023
597.0	0.03975
598.0	0.03910
599.0	0.03831
600.0	0.03736
601.0	0.03657
602.0	0.03594
603.0	0.03517
604.0	0.03416
605.0	0.03298
606.0	0.03199
607.0	0.03118
608.0	0.03024
609.0	0.02915
610.0	0.02817
611.0	0.02742
612.0	0.02701
613.0	0.02649
614.0	0.02606
615.0	0.02544
616.0	0.02493
617.0	0.02466
618.0	0.02439
619.0	0.02400
620.0	0.02361
621.0	0.02327
622.0	0.02297
623.0	0.02248
624.0	0.02218
625.0	0.02196
626.0	0.02175
627.0	0.02147
628.0	0.02102
629.0	0.02057
630.0	0.02027
631.0	0.02001
632.0	0.01972
633.0	0.01888
634.0	0.01826
635.0	0.01820
636.0	0.01814
637.0	0.01817
638.0	0.01775
639.0	0.01764
640.0	0.01770
641.0	0.01766
642.0	0.01752
643.0	0.01734
644.0	0.01739
645.0	0.01748
646.0	0.01764
647.0	0.01767
648.0	0.01776
649.0	0.01791
650.0	0.01809
651.0	0.01835
652.0	0.01856
653.0	0.01856
654.0	0.01855
655.0	0.01879
656.0	0.01906
657.0	0.01950
658.0	0.01991
659.0	0.02016
660.0	0.02042
661.0	0.02071
662.0	0.02100
663.0	0.02106
664.0	0.02162
665.0	0.02207
666.0	0.02241
667.0	0.02271
668.0	0.02301
669.0	0.02326
670.0	0.02362
671.0	0.02404
672.0	0.02425
673.0	0.02463
674.0	0.02513
675.0	0.02599
676.0	0.02650
677.0	0.02711
678.0	0.02777
679.0	0.02851
680.0	0.02913
681.0	0.02985
682.0	0.03079
683.0	0.03157
684.0	0.03219
685.0	0.03291
686.0	0.03389
687.0	0.03478
688.0	0.03576
689.0	0.03657
690.0	0.03712
691.0	0.03792
692.0	0.03870
693.0	0.03962
694.0	0.04041
695.0	0.04092
696.0	0.04141
697.0	0.04195
698.0	0.04237
699.0	0.04283
700.0	0.04312
701.0	0.04335
702.0	0.04368
703.0	0.04398
704.0	0.04421
705.0	0.04446
706.0	0.04476
707.0	0.04519
708.0	0.04552
709.0	0.04587
710.0	0.04629
711.0	0.04682
712.0	0.04710
713.0	0.04747
714.0	0.04790
715.0	0.04840
716.0	0.04884
717.0	0.04920
718.0	0.04950
719.0	0.04979
720.0	0.05001
721.0	0.05021
722.0	0.05046
723.0	0.05062
724.0	0.05067
725.0	0.05091
726.0	0.05139
727.0	0.05182
728.0	0.05217
729.0	0.05247
730.0	0.05298
731.0	0.05335
732.0	0.05363
733.0	0.05380
734.0	0.05381
735.0	0.05373
736.0	0.05341
737.0	0.05323
738.0	0.05346
739.0	0.05373
740.0	0.05397
741.0	0.05401
742.0	0.05406
743.0	0.05431
744.0	0.05450
745.0	0.05448
746.0	0.05450
747.0	0.05450
748.0	0.05447
749.0	0.05454
750.0	0.05452
751.0	0.05443
752.0	0.05406
753.0	0.05358
754.0	0.05327
755.0	0.05301
756.0	0.05257
757.0	0.05232
758.0	0.05190
759.0	0.05165
760.0	0.05148
761.0	0.05136
762.0	0.05108
763.0	0.05074
764.0	0.05044
765.0	0.04991
766.0	0.04938
767.0	0.04900
768.0	0.04853
769.0	0.04819
770.0	0.04769
771.0	0.04728
772.0	0.04704
773.0	0.04669
774.0	0.04637
775.0	0.04595
776.0	0.04549
777.0	0.04511
778.0	0.04474
779.0	0.04443
780.0	0.04403
781.0	0.04376
782.0	0.04348
783.0	0.04327
784.0	0.04292
785.0	0.04258
786.0	0.04219
787.0	0.04176
788.0	0.04123
789.0	0.04068
790.0	0.04008
791.0	0.03956
792.0	0.03912
793.0	0.03867
794.0	0.03788
795.0	0.03707
796.0	0.03614
797.0	0.03514
798.0	0.03443
799.0	0.03405
800.0	0.03344
801.0	0.03261
802.0	0.03186
803.0	0.03126
804.0	0.03080
805.0	0.03026
806.0	0.02955
807.0	0.02910
808.0	0.02846
809.0	0.02779
810.0	0.02738
811.0	0.02702
812.0	0.02649
813.0	0.02601
814.0	0.02560
815.0	0.02517
816.0	0.02474
817.0	0.02428
818.0	0.02401
819.0	0.02378
820.0	0.02342
821.0	0.02316
822.0	0.02283
823.0	0.02245
824.0	0.02210
825.0	0.02196
826.0	0.02200
827.0	0.02187
828.0	0.02161
829.0	0.02153
830.0	0.02135
831.0	0.02121
832.0	0.02125
833.0	0.02114
834.0	0.02109
835.0	0.02130
836.0	0.02139
837.0	0.02134
838.0	0.02134
839.0	0.02127
840.0	0.02135
841.0	0.02136
842.0	0.02136
843.0	0.02130
844.0	0.02130
845.0	0.02127
846.0	0.02104
847.0	0.02100
848.0	0.02093
849.0	0.02120
850.0	0.02159
851.0	0.02195
852.0	0.02217
853.0	0.02232
854.0	0.02236
855.0	0.02116
856.0	0.01921
857.0	0.01740
858.0	0.01637
859.0	0.01567
860.0	0.01537
861.0	0.01536
862.0	0.01523
863.0	0.01500
864.0	0.01465
865.0	0.01447
866.0	0.01422
867.0	0.01385
868.0	0.01356
869.0	0.01336
870.0	0.01305
871.0	0.01246
872.0	0.01205
873.0	0.01161
874.0	0.01136
875.0	0.01092
876.0	0.01021
877.0	0.00986
878.0	0.00902
879.0	0.00820
880.0	0.00760
881.0	0.00665
882.0	0.00572
883.0	0.00497
884.0	0.00361
885.0	0.00290
886.0	0.00210
887.0	0.00147
888.0	0.00027
889.0	-0.00118
890.0	-0.00257
891.0	-0.00390
892.0	-0.00545
893.0	-0.00641
894.0	-0.00780
895.0	-0.00911
896.0	-0.01034
897.0	-0.01200
898.0	-0.01350
899.0	-0.01512
900.0	-0.01663
901.0	-0.01767
902.0	-0.01876
903.0	-0.01987
904.0	-0.02093
905.0	-0.02199
906.0	-0.02315
907.0	-0.02417
908.0	-0.02518
909.0	-0.02622
910.0	-0.02729
911.0	-0.02810
912.0	-0.02899
913.0	-0.02974
914.0	-0.03067
915.0	-0.03175
916.0	-0.03273
917.0	-0.03357
918.0	-0.03444
919.0	-0.03539
920.0	-0.03636
921.0	-0.03749
922.0	-0.03879
923.0	-0.03988
924.0	-0.04106
925.0	-0.04252
926.0	-0.04389
927.0	-0.04502
928.0	-0.04643
929.0	-0.04802
930.0	-0.04941
931.0	-0.05060
932.0	-0.05159
933.0	-0.05227
934.0	-0.05291
935.0	-0.05395
936.0	-0.05500
937.0	-0.05601
938.0	-0.05682
939.0	-0.05757
940.0	-0.05815
941.0	-0.05885
942.0	-0.05956
943.0	-0.06044
944.0	-0.06121
945.0	-0.06180
946.0	-0.06265
947.0	-0.06337
948.0	-0.06393
949.0	-0.06439
950.0	-0.06460
951.0	-0.06487
952.0	-0.06499
953.0	-0.06513
954.0	-0.06546
955.0	-0.06573
956.0	-0.06592
957.0	-0.06579
958.0	-0.06585
959.0	-0.06599
960.0	-0.06632
961.0	-0.06630
962.0	-0.06597
963.0	-0.06570
964.0	-0.06550
965.0	-0.06543
966.0	-0.06508
967.0	-0.06479
968.0	-0.06450
969.0	-0.06420
970.0	-0.06400
971.0	-0.06379
972.0	-0.06358
973.0	-0.06314
974.0	-0.06246
975.0	-0.06164
976.0	-0.06095
977.0	-0.06031
978.0	-0.05948
979.0	-0.05882
980.0	-0.05802
981.0	-0.05729
982.0	-0.05652
983.0	-0.05573
984.0	-0.05499
985.0	-0.05410
986.0	-0.05319
987.0	-0.05214
988.0	-0.05112
989.0	-0.05002
990.0	-0.04907
991.0	-0.04799
992.0	-0.04675
993.0	-0.04557
994.0	-0.04441
995.0	-0.04295
996.0	-0.04150
997.0	-0.04018
998.0	-0.03884
999.0	-0.03769
1000.0	-0.03671
1001.0	-0.03584
1002.0	-0.03487
1003.0	-0.03385
1004.0	-0.03298
1005.0	-0.03233
1006.0	-0.03165
1007.0	-0.03094
1008.0	-0.03016
1009.0	-0.02928
1010.0	-0.02821
1011.0	-0.02726
1012.0	-0.02632
1013.0	-0.02540
1014.0	-0.02425
1015.0	-0.02301
1016.0	-0.02196
1017.0	-0.02083
1018.0	-0.01983
1019.0	-0.01902
1020.0	-0.01799
1021.0	-0.01721
1022.0	-0.01623
1023.0	-0.01513
1024.0	-0.01408
1025.0	-0.01292
1026.0	-0.01118
1027.0	-0.00973
1028.0	-0.00818
1029.0	-0.00730
1030.0	-0.00608
1031.0	-0.00485
1032.0	-0.00321
1033.0	-0.00168
1034.0	-0.00024
1035.0	0.00074
1036.0	0.00164
1037.0	0.00248
1038.0	0.00319
1039.0	0.00380
1040.0	0.00414
1041.0	0.00462
1042.0	0.00523
1043.0	0.00568
1044.0	0.00598
1045.0	0.00632
1046.0	0.00646
1047.0	0.00681
1048.0	0.00703
1049.0	0.00726
1050.0	0.00747
1051.0	0.00762
1052.0	0.00769
1053.0	0.00780
1054.0	0.00770
1055.0	0.00774
1056.0	0.00780
1057.0	0.00790
1058.0	0.00788
1059.0	0.00770
1060.0	0.00763
1061.0	0.00768
1062.0	0.00760
1063.0	0.00739
1064.0	0.00710
1065.0	0.00672
1066.0	0.00631
1067.0	0.00613
1068.0	0.00591
1069.0	0.00558
1070.0	0.00519
1071.0	0.00477
1072.0	0.00439
1073.0	0.00402
1074.0	0.00335
1075.0	0.00248
1076.0	0.00153
1077.0	0.00058
1078.0	-0.00031
1079.0	-0.00123
1080.0	-0.00230
1081.0	-0.00356
1082.0	-0.00526
1083.0	-0.00694
1084.0	-0.00859
1085.0	-0.01016
1086.0	-0.01159
1087.0	-0.01280
1088.0	-0.01389
1089.0	-0.01476
1090.0	-0.01539
1091.0	-0.01616
1092.0	-0.01692
1093.0	-0.01771
1094.0	-0.01866
1095.0	-0.01974
1096.0	-0.02085
1097.0	-0.02173
1098.0	-0.02277
1099.0	-0.02396
1100.0	-0.02496
1101.0	-0.02580
1102.0	-0.02666
1103.0	-0.02762
1104.0	-0.02854
1105.0	-0.02935
1106.0	-0.03016
1107.0	-0.03081
1108.0	-0.03152
1109.0	-0.03217
1110.0	-0.03276
1111.0	-0.03335
1112.0	-0.03398
1113.0	-0.03474
1114.0	-0.03545
1115.0	-0.03625
1116.0	-0.03724
1117.0	-0.03822
1118.0	-0.03921
1119.0	-0.04021
1120.0	-0.04164
1121.0	-0.04303
1122.0	-0.04411
1123.0	-0.04519
1124.0	-0.04638
1125.0	-0.04722
1126.0	-0.04810
1127.0	-0.04898
1128.0	-0.04975
1129.0	-0.05035
1130.0	-0.05123
1131.0	-0.05196
1132.0	-0.05245
1133.0	-0.05280
1134.0	-0.05338
1135.0	-0.05404
1136.0	-0.05468
1137.0	-0.05518
1138.0	-0.05566
1139.0	-0.05617
1140.0	-0.05685
1141.0	-0.05736
1142.0	-0.05793
1143.0	-0.05826
1144.0	-0.05849
1145.0	-0.05887
1146.0	-0.05896
1147.0	-0.05885
1148.0	-0.05907
1149.0	-0.05947
1150.0	-0.05966
1151.0	-0.05973
1152.0	-0.05973
1153.0	-0.05979
1154.0	-0.05987
1155.0	-0.05995
1156.0	-0.05999
1157.0	-0.05997
1158.0	-0.06008
1159.0	-0.05988
1160.0	-0.05964
1161.0	-0.05947
1162.0	-0.05923
1163.0	-0.05890
1164.0	-0.05871
1165.0	-0.05872
1166.0	-0.05858
1167.0	-0.05815
1168.0	-0.05788
1169.0	-0.05761
1170.0	-0.05713
1171.0	-0.05643
1172.0	-0.05566
1173.0	-0.05487
1174.0	-0.05417
1175.0	-0.05366
1176.0	-0.05327
1177.0	-0.05280
1178.0	-0.05219
1179.0	-0.05163
1180.0	-0.05096
1181.0	-0.05039
1182.0	-0.04973
1183.0	-0.04891
1184.0	-0.04796
1185.0	-0.04693
1186.0	-0.04592
1187.0	-0.04498
1188.0	-0.04391
1189.0	-0.04271
1190.0	-0.04135
1191.0	-0.04026
1192.0	-0.03909
1193.0	-0.03817
1194.0	-0.03726
1195.0	-0.03649
1196.0	-0.03567
1197.0	-0.03492
1198.0	-0.03415
1199.0	-0.03347
1200.0	-0.03287
1201.0	-0.03230
1202.0	-0.03175
1203.0	-0.03102
1204.0	-0.03023
1205.0	-0.02954
1206.0	-0.02880
1207.0	-0.02800
1208.0	-0.02725
1209.0	-0.02647
1210.0	-0.02558
1211.0	-0.02473
1212.0	-0.02381
1213.0	-0.02301
1214.0	-0.02213
1215.0	-0.02138
1216.0	-0.02066
1217.0	-0.01976
1218.0	-0.01895
1219.0	-0.01819
1220.0	-0.01762
1221.0	-0.01734
1222.0	-0.01666
1223.0	-0.01573
1224.0	-0.01479
1225.0	-0.01409
1226.0	-0.01312
1227.0	-0.01182
1228.0	-0.01078
1229.0	-0.00989
1230.0	-0.00933
1231.0	-0.00883
1232.0	-0.00779
1233.0	-0.00675
1234.0	-0.00560
1235.0	-0.00463
1236.0	-0.00353
1237.0	-0.00292
1238.0	-0.00225
1239.0	-0.00137
1240.0	-0.00059
1241.0	0.00001
1242.0	0.00048
1243.0	0.00107
1244.0	0.00173
1245.0	0.00200
1246.0	0.00222
1247.0	0.00246
1248.0	0.00270
1249.0	0.00293
1250.0	0.00314
1251.0	0.00322
1252.0	0.00327
1253.0	0.00322
1254.0	0.00312
1255.0	0.00288
1256.0	0.00250
1257.0	0.00226
1258.0	0.00223
1259.0	0.00222
1260.0	0.00195
1261.0	0.00147
1262.0	0.00075
1263.0	0.00033
1264.0	0.00020
1265.0	-0.00011
1266.0	-0.00102
1267.0	-0.00170
1268.0	-0.00201
1269.0	-0.00303
1270.0	-0.00423
1271.0	-0.00523
1272.0	-0.00631
1273.0	-0.00735
1274.0	-0.00850
1275.0	-0.00946
1276.0	-0.01049
1277.0	-0.01160
1278.0	-0.01257
1279.0	-0.01332
1280.0	-0.01384
1281.0	-0.01444
1282.0	-0.01493
1283.0	-0.01542
1284.0	-0.01595
1285.0	-0.01645
1286.0	-0.01711
1287.0	-0.01781
1288.0	-0.01868
1289.0	-0.01953
1290.0	-0.02044
1291.0	-0.02127
1292.0	-0.02207
1293.0	-0.02298
1294.0	-0.02381
1295.0	-0.02456
1296.0	-0.02546
1297.0	-0.02638
1298.0	-0.02708
1299.0	-0.02749
1300.0	-0.02797
1301.0	-0.02880
1302.0	-0.02966
1303.0	-0.03040
1304.0	-0.03106
1305.0	-0.03145
1306.0	-0.03211
1307.0	-0.03275
1308.0	-0.03334
1309.0	-0.03386
1310.0	-0.03461
1311.0	-0.03538
1312.0	-0.03610
1313.0	-0.03672
1314.0	-0.03742
1315.0	-0.03814
1316.0	-0.03913
1317.0	-0.04026
1318.0	-0.04139
1319.0	-0.04245
1320.0	-0.04338
1321.0	-0.04448
1322.0	-0.04562
1323.0	-0.04673
1324.0	-0.04761
1325.0	-0.04809
1326.0	-0.04885
1327.0	-0.04954
1328.0	-0.05000
1329.0	-0.05044
1330.0	-0.05104
1331.0	-0.05177
1332.0	-0.05227
1333.0	-0.05275
1334.0	-0.05317
1335.0	-0.05342
1336.0	-0.05388
1337.0	-0.05447
1338.0	-0.05500
1339.0	-0.05538
1340.0	-0.05555
1341.0	-0.05558
1342.0	-0.05571
1343.0	-0.05585
1344.0	-0.05586
1345.0	-0.05595
1346.0	-0.05596
1347.0	-0.05579
1348.0	-0.05607
1349.0	-0.05595
1350.0	-0.05553
1351.0	-0.05529
1352.0	-0.05516
1353.0	-0.05520
1354.0	-0.05544
1355.0	-0.05552
1356.0	-0.05547
1357.0	-0.05537
1358.0	-0.05518
1359.0	-0.05475
1360.0	-0.05449
1361.0	-0.05432
1362.0	-0.05386
1363.0	-0.05354
1364.0	-0.05317
1365.0	-0.05279
1366.0	-0.05240
1367.0	-0.05229
1368.0	-0.05181
1369.0	-0.05119
1370.0	-0.05054
1371.0	-0.04996
1372.0	-0.04933
1373.0	-0.04857
1374.0	-0.04793
1375.0	-0.04729
1376.0	-0.04662
1377.0	-0.04600
1378.0	-0.04480
1379.0	-0.04384
1380.0	-0.04289
1381.0	-0.04179
1382.0	-0.04087
1383.0	-0.03972
1384.0	-0.03851
1385.0	-0.03777
1386.0	-0.03720
1387.0	-0.03670
1388.0	-0.03614
1389.0	-0.03572
1390.0	-0.03512
1391.0	-0.03455
1392.0	-0.03411
1393.0	-0.03357
1394.0	-0.03307
1395.0	-0.03252
1396.0	-0.03205
1397.0	-0.03143
1398.0	-0.03091
1399.0	-0.03045
1400.0	-0.02987
1401.0	-0.02915
1402.0	-0.02827
1403.0	-0.02748
1404.0	-0.02690
1405.0	-0.02646
1406.0	-0.02599
1407.0	-0.02534
1408.0	-0.02468
1409.0	-0.02414
1410.0	-0.02339
1411.0	-0.02246
1412.0	-0.02162
1413.0	-0.02079
1414.0	-0.02004
1415.0	-0.01930
1416.0	-0.01870
1417.0	-0.01814
1418.0	-0.01773
1419.0	-0.01747
1420.0	-0.01707
1421.0	-0.01663
1422.0	-0.01613
1423.0	-0.01567
1424.0	-0.01521
1425.0	-0.01472
1426.0	-0.01426
1427.0	-0.01379
1428.0	-0.01310
1429.0	-0.01261
1430.0	-0.01233
1431.0	-0.01184
1432.0	-0.01120
1433.0	-0.01036
1434.0	-0.00969
1435.0	-0.00908
1436.0	-0.00842
1437.0	-0.00791
1438.0	-0.00749
1439.0	-0.00739
1440.0	-0.00690
1441.0	-0.00647
1442.0	-0.00619
1443.0	-0.00578
1444.0	-0.00539
1445.0	-0.00534
1446.0	-0.00549
1447.0	-0.00546
1448.0	-0.00542
1449.0	-0.00512
1450.0	-0.00490
1451.0	-0.00452
1452.0	-0.00460
1453.0	-0.00510
1454.0	-0.00531
1455.0	-0.00579
1456.0	-0.00627
1457.0	-0.00652
1458.0	-0.00740
1459.0	-0.00798
1460.0	-0.00917
1461.0	-0.00984
1462.0	-0.01049
1463.0	-0.01129
1464.0	-0.01246
1465.0	-0.01345
1466.0	-0.01405
1467.0	-0.01449
1468.0	-0.01494
1469.0	-0.01528
1470.0	-0.01558
1471.0	-0.01601
1472.0	-0.01672
1473.0	-0.01739
1474.0	-0.01778
1475.0	-0.01813
1476.0	-0.01860
1477.0	-0.01921
1478.0	-0.01994
1479.0	-0.02062
1480.0	-0.02129
1481.0	-0.02222
1482.0	-0.02305
1483.0	-0.02382
1484.0	-0.02440
1485.0	-0.02498
1486.0	-0.02561
1487.0	-0.02619
1488.0	-0.02667
1489.0	-0.02709
1490.0	-0.02774
1491.0	-0.02846
1492.0	-0.02904
1493.0	-0.02973
1494.0	-0.03039
1495.0	-0.03104
1496.0	-0.03155
1497.0	-0.03202
1498.0	-0.03236
1499.0	-0.03274
1500.0	-0.03333
1501.0	-0.03389
1502.0	-0.03437
1503.0	-0.03471
1504.0	-0.03515
1505.0	-0.03551
1506.0	-0.03584
1507.0	-0.03637
1508.0	-0.03712
1509.0	-0.03760
1510.0	-0.03796
1511.0	-0.03880
1512.0	-0.03993
1513.0	-0.04096
1514.0	-0.04188
1515.0	-0.04272
1516.0	-0.04350
1517.0	-0.04429
1518.0	-0.04497
1519.0	-0.04553
1520.0	-0.04616
1521.0	-0.04713
1522.0	-0.04808
1523.0	-0.04864
1524.0	-0.04899
1525.0	-0.04933
1526.0	-0.04968
1527.0	-0.05010
1528.0	-0.05048
1529.0	-0.05080
1530.0	-0.05110
1531.0	-0.05146
1532.0	-0.05160
1533.0	-0.05196
1534.0	-0.05216
1535.0	-0.05212
1536.0	-0.05226
1537.0	-0.05241
1538.0	-0.05259
1539.0	-0.05266
1540.0	-0.05268
1541.0	-0.05276
1542.0	-0.05303
1543.0	-0.05303
1544.0	-0.05313
1545.0	-0.05320
1546.0	-0.05320
1547.0	-0.05307
1548.0	-0.05287
1549.0	-0.05271
1550.0	-0.05252
1551.0	-0.05241
1552.0	-0.05229
1553.0	-0.05218
1554.0	-0.05208
1555.0	-0.05172
1556.0	-0.05136
1557.0	-0.05112
1558.0	-0.05101
1559.0	-0.05074
1560.0	-0.05045
1561.0	-0.05016
1562.0	-0.04975
1563.0	-0.04920
1564.0	-0.04885
1565.0	-0.04854
1566.0	-0.04816
1567.0	-0.04756
1568.0	-0.04674
1569.0	-0.04628
1570.0	-0.04580
1571.0	-0.04527
1572.0	-0.04462
1573.0	-0.04409
1574.0	-0.04335
1575.0	-0.04259
1576.0	-0.04147
1577.0	-0.04016
1578.0	-0.03905
1579.0	-0.03831
1580.0	-0.03776
1581.0	-0.03742
1582.0	-0.03707
1583.0	-0.03658
1584.0	-0.03606
1585.0	-0.03565
1586.0	-0.03531
1587.0	-0.03488
1588.0	-0.03453
1589.0	-0.03417
1590.0	-0.03374
1591.0	-0.03332
1592.0	-0.03297
1593.0	-0.03259
1594.0	-0.03216
1595.0	-0.03160
1596.0	-0.03084
1597.0	-0.03010
1598.0	-0.02957
1599.0	-0.02901
1600.0	-0.02838
1601.0	-0.02772
1602.0	-0.02705
1603.0	-0.02649
1604.0	-0.02601
1605.0	-0.02547
1606.0	-0.02505
1607.0	-0.02488
1608.0	-0.02449
1609.0	-0.02383
1610.0	-0.02341
1611.0	-0.02302
1612.0	-0.02244
1613.0	-0.02191
1614.0	-0.02157
1615.0	-0.02126
1616.0	-0.02072
1617.0	-0.02031
1618.0	-0.01984
1619.0	-0.01934
1620.0	-0.01895
1621.0	-0.01871
1622.0	-0.01829
1623.0	-0.01795
1624.0	-0.01765
1625.0	-0.01736
1626.0	-0.01708
1627.0	-0.01686
1628.0	-0.01658
1629.0	-0.01627
1630.0	-0.01603
1631.0	-0.01582
1632.0	-0.01577
1633.0	-0.01565
1634.0	-0.01539
1635.0	-0.01539
1636.0	-0.01553
1637.0	-0.01559
1638.0	-0.01550
1639.0	-0.01550
1640.0	-0.01552
1641.0	-0.01563
1642.0	-0.01575
1643.0	-0.01569
1644.0	-0.01569
1645.0	-0.01565
1646.0	-0.01567
1647.0	-0.01568
1648.0	-0.01576
1649.0	-0.01608
1650.0	-0.01633
1651.0	-0.01630
1652.0	-0.01620
1653.0	-0.01602
1654.0	-0.01603
1655.0	-0.01634
1656.0	-0.01673
1657.0	-0.01680
1658.0	-0.01680
1659.0	-0.01706
1660.0	-0.01744
1661.0	-0.01777
1662.0	-0.01798
1663.0	-0.01838
1664.0	-0.01879
1665.0	-0.01942
1666.0	-0.01979
1667.0	-0.02005
1668.0	-0.02043
1669.0	-0.02094
1670.0	-0.02128
1671.0	-0.02173
1672.0	-0.02219
1673.0	-0.02268
1674.0	-0.02295
1675.0	-0.02328
1676.0	-0.02362
1677.0	-0.02425
1678.0	-0.02466
1679.0	-0.02505
1680.0	-0.02543
1681.0	-0.02592
1682.0	-0.02622
1683.0	-0.02666
1684.0	-0.02701
1685.0	-0.02748
1686.0	-0.02815
1687.0	-0.02865
1688.0	-0.02924
1689.0	-0.02975
1690.0	-0.03018
1691.0	-0.03058
1692.0	-0.03089
1693.0	-0.03126
1694.0	-0.03157
1695.0	-0.03196
1696.0	-0.03221
1697.0	-0.03256
1698.0	-0.03289
1699.0	-0.03312
1700.0	-0.03338
1701.0	-0.03380
1702.0	-0.03426
1703.0	-0.03465
1704.0	-0.03492
1705.0	-0.03535
1706.0	-0.03591
1707.0	-0.03630
1708.0	-0.03677
1709.0	-0.03723
1710.0	-0.03789
1711.0	-0.03841
1712.0	-0.03899
1713.0	-0.03954
1714.0	-0.04001
1715.0	-0.04048
1716.0	-0.04068
1717.0	-0.04081
1718.0	-0.04126
1719.0	-0.04164
1720.0	-0.04196
1721.0	-0.04212
1722.0	-0.04246
1723.0	-0.04300
1724.0	-0.04346
1725.0	-0.04353
1726.0	-0.04375
1727.0	-0.04416
1728.0	-0.04478
1729.0	-0.04530
1730.0	-0.04566
1731.0	-0.04583
1732.0	-0.04616
1733.0	-0.04659
1734.0	-0.04672
1735.0	-0.04710
1736.0	-0.04758
1737.0	-0.04794
1738.0	-0.04803
1739.0	-0.04805
1740.0	-0.04807
1741.0	-0.04814
1742.0	-0.04811
1743.0	-0.04816
1744.0	-0.04780
1745.0	-0.04746
1746.0	-0.04700
1747.0	-0.04647
1748.0	-0.04619
1749.0	-0.04579
1750.0	-0.04526
1751.0	-0.04500
1752.0	-0.04472
1753.0	-0.04417
1754.0	-0.04372
1755.0	-0.04352
1756.0	-0.04331
1757.0	-0.04313
1758.0	-0.04257
1759.0	-0.04184
1760.0	-0.04131
1761.0	-0.04111
1762.0	-0.04068
1763.0	-0.04019
1764.0	-0.03966
1765.0	-0.03942
1766.0	-0.03911
1767.0	-0.03890
1768.0	-0.03856
1769.0	-0.03820
1770.0	-0.03775
1771.0	-0.03740
1772.0	-0.03698
1773.0	-0.03651
1774.0	-0.03594
1775.0	-0.03541
1776.0	-0.03492
1777.0	-0.03448
1778.0	-0.03410
1779.0	-0.03390
1780.0	-0.03363
1781.0	-0.03342
1782.0	-0.03323
1783.0	-0.03314
1784.0	-0.03281
1785.0	-0.03244
1786.0	-0.03208
1787.0	-0.03170
1788.0	-0.03143
1789.0	-0.03116
1790.0	-0.03067
1791.0	-0.03017
1792.0	-0.02992
1793.0	-0.02951
1794.0	-0.02907
1795.0	-0.02865
1796.0	-0.02819
1797.0	-0.02790
1798.0	-0.02766
1799.0	-0.02721
1800.0	-0.02663
1801.0	-0.02614
1802.0	-0.02568
1803.0	-0.02532
1804.0	-0.02514
1805.0	-0.02509
1806.0	-0.02485
1807.0	-0.02448
1808.0	-0.02408
1809.0	-0.02380
1810.0	-0.02369
1811.0	-0.02340
1812.0	-0.02290
1813.0	-0.02242
1814.0	-0.02202
1815.0	-0.02152
1816.0	-0.02088
1817.0	-0.02063
1818.0	-0.02054
1819.0	-0.02038
1820.0	-0.02014
1821.0	-0.01988
1822.0	-0.01963
1823.0	-0.01948
1824.0	-0.01927
1825.0	-0.01917
1826.0	-0.01920
1827.0	-0.01914
1828.0	-0.01905
1829.0	-0.01894
1830.0	-0.01882
1831.0	-0.01894
1832.0	-0.01882
1833.0	-0.01901
1834.0	-0.01917
1835.0	-0.01912
1836.0	-0.01891
1837.0	-0.01877
1838.0	-0.01881
1839.0	-0.01888
1840.0	-0.01895
1841.0	-0.01803
1842.0	-0.01550
1843.0	-0.01269
1844.0	-0.01071
1845.0	-0.00914
1846.0	-0.00808
1847.0	-0.00708
1848.0	-0.00584
1849.0	-0.00500
1850.0	-0.00407
1851.0	-0.00313
1852.0	-0.00219
1853.0	-0.00088
1854.0	0.00045
1855.0	0.00180
1856.0	0.00298
1857.0	0.00422
1858.0	0.00544
1859.0	0.00645
1860.0	0.00729
1861.0	0.00833
1862.0	0.00936
1863.0	0.01059
1864.0	0.01192
1865.0	0.01316
1866.0	0.01437
1867.0	0.01560
1868.0	0.01708
1869.0	0.01854
1870.0	0.01995
1871.0	0.02154
1872.0	0.02307
1873.0	0.02474
1874.0	0.02626
1875.0	0.02828
1876.0	0.03013
1877.0	0.03157
1878.0	0.03288
1879.0	0.03432
1880.0	0.03566
1881.0	0.03706
1882.0	0.03865
1883.0	0.04029
1884.0	0.04183
1885.0	0.04301
1886.0	0.04403
1887.0	0.04497
1888.0	0.04582
1889.0	0.04676
1890.0	0.04785
1891.0	0.04898
1892.0	0.04994
1893.0	0.05076
1894.0	0.05158
1895.0	0.05286
1896.0	0.05418
1897.0	0.05536
1898.0	0.05665
1899.0	0.05772
1900.0	0.05894
1901.0	0.06008
1902.0	0.06115
1903.0	0.06218
1904.0	0.06335
1905.0	0.06451
1906.0	0.06555
1907.0	0.06651
1908.0	0.06733
1909.0	0.06806
1910.0	0.06873
1911.0	0.06934
1912.0	0.06999
1913.0	0.07079
1914.0	0.07157
1915.0	0.07224
1916.0	0.07297
1917.0	0.07377
1918.0	0.07432
1919.0	0.07468
1920.0	0.07521
1921.0	0.07568
1922.0	0.07601
1923.0	0.07643
1924.0	0.07652
1925.0	0.07655
1926.0	0.07650
1927.0	0.07641
1928.0	0.07631
1929.0	0.07618
1930.0	0.07603
1931.0	0.07565
1932.0	0.07516
1933.0	0.07493
1934.0	0.07479
1935.0	0.07474
1936.0	0.07448
1937.0	0.07399
1938.0	0.07371
1939.0	0.07335
1940.0	0.07301
1941.0	0.07271
1942.0	0.07224
1943.0	0.07163
1944.0	0.07095
1945.0	0.07032
1946.0	0.06970
1947.0	0.06898
1948.0	0.06806
1949.0	0.06723
1950.0	0.06653
1951.0	0.06576
1952.0	0.06509
1953.0	0.06441
1954.0	0.06364
1955.0	0.06285
1956.0	0.06204
1957.0	0.06091
1958.0	0.05970
1959.0	0.05864
1960.0	0.05762
1961.0	0.05642
1962.0	0.05523
1963.0	0.05400
1964.0	0.05294
1965.0	0.05195
1966.0	0.05082
1967.0	0.04985
1968.0	0.04897
1969.0	0.04802
1970.0	0.04714
1971.0	0.04620
1972.0	0.04522
1973.0	0.04426
1974.0	0.04336
1975.0	0.04237
1976.0	0.04074
1977.0	0.03909
1978.0	0.03784
1979.0	0.03661
1980.0	0.03503
1981.0	0.03341
1982.0	0.03196
1983.0	0.03051
1984.0	0.02901
1985.0	0.02745
1986.0	0.02587
1987.0	0.02492
1988.0	0.02396
1989.0	0.02262
1990.0	0.02183
1991.0	0.02127
1992.0	0.02027
1993.0	0.01921
1994.0	0.01822
1995.0	0.01727
1996.0	0.01621
1997.0	0.01524
1998.0	0.01437
1999.0	0.01337
2000.0	0.01240
2001.0	0.01151
2002.0	0.01068
2003.0	0.00991
2004.0	0.00913
2005.0	0.00846
2006.0	0.00771
2007.0	0.00711
2008.0	0.00636
2009.0	0.00598
2010.0	0.00559
2011.0	0.00532
2012.0	0.00515
2013.0	0.00457
2014.0	0.00408
2015.0	0.00390
2016.0	0.00369
2017.0	0.00306
2018.0	0.00171
2019.0	0.00056
2020.0	0.00019
2021.0	0.00032
2022.0	0.00011
2023.0	-0.00020
2024.0	-0.00031
2025.0	-0.00040
2026.0	-0.00041
2027.0	-0.00034
2028.0	-0.00028
2029.0	0.00000
2030.0	0.00026
2031.0	0.00064
2032.0	0.00068
2033.0	0.00095
2034.0	0.00146
2035.0	0.00197
2036.0	0.00212
2037.0	0.00222
2038.0	0.00245
2039.0	0.00266
2040.0	0.00317
2041.0	0.00372
2042.0	0.00421
2043.0	0.00467
2044.0	0.00516
2045.0	0.00564
2046.0	0.00605
2047.0	0.00657
