0.0	0.01356
1.0	0.01336
2.0	0.01305
3.0	0.01246
4.0	0.01205
5.0	0.01161
6.0	0.01136
7.0	0.01092
8.0	0.01021
9.0	0.00986
10.0	0.00902
11.0	0.00820
12.0	0.00760
13.0	0.00665
14.0	0.00572
15.0	0.00497
16.0	0.00361
17.0	0.00290
18.0	0.00210
19.0	0.00147
20.0	0.00027
21.0	-0.00118
22.0	-0.00257
23.0	-0.00390
24.0	-0.00545
25.0	-0.00641
26.0	-0.00780
27.0	-0.00911
28.0	-0.01034
29.0	-0.01200
30.0	-0.01350
31.0	-0.01512
32.0	-0.01663
33.0	-0.01767
34.0	-0.01876
35.0	-0.01987
36.0	-0.02093
37.0	-0.02199
38.0	-0.02315
39.0	-0.02417
40.0	-0.02518
41.0	-0.02622
42.0	-0.02729
43.0	-0.02810
44.0	-0.02899
45.0	-0.02974
46.0	-0.03067
47.0	-0.03175
48.0	-0.03273
49.0	-0.03357
50.0	-0.03444
51.0	-0.03539
52.0	-0.03636
53.0	-0.03749
54.0	-0.03879
55.0	-0.03988
56.0	-0.04106
57.0	-0.04252
58.0	-0.04389
59.0	-0.04502
60.0	-0.04643
61.0	-0.04802
62.0	-0.04941
63.0	-0.05060
64.0	-0.05159
65.0	-0.05227
66.0	-0.05291
67.0	-0.05395
68.0	-0.05500
69.0	-0.05601
70.0	-0.05682
71.0	-0.05757
72.0	-0.05815
73.0	-0.05885
74.0	-0.05956
75.0	-0.06044
76.0	-0.06121
77.0	-0.06180
78.0	-0.06265
79.0	-0.06337
80.0	-0.06393
81.0	-0.06439
82.0	-0.06460
83.0	-0.06487
84.0	-0.06499
85.0	-0.06513
86.0	-0.06546
87.0	-0.06573
88.0	-0.06592
89.0	-0.06579
90.0	-0.06585
91.0	-0.06599
92.0	-0.06632
93.0	-0.06630
94.0	-0.06597
95.0	-0.06570
96.0	-0.06550
97.0	-0.06543
98.0	-0.06508
99.0	-0.06479
100.0	-0.06450
101.0	-0.06420
102.0	-0.06400
103.0	-0.06379
104.0	-0.06358
105.0	-0.06314
106.0	-0.06246
107.0	-0.06164
108.0	-0.06095
109.0	-0.06031
110.0	-0.05948
111.0	-0.05882
112.0	-0.05802
113.0	-0.05729
114.0	-0.05652
115.0	-0.05573
116.0	-0.05499
117.0	-0.05410
118.0	-0.05319
119.0	-0.05214
120.0	-0.05112
121.0	-0.05002
122.0	-0.04907
123.0	-0.04799
124.0	-0.04675
125.0	-0.04557
126.0	-0.04441
127.0	-0.04295
128.0	-0.04150
129.0	-0.04018
130.0	-0.03884
131.0	-0.03769
132.0	-0.03671
133.0	-0.03584
134.0	-0.03487
135.0	-0.03385
136.0	-0.03298
137.0	-0.03233
138.0	-0.03165
139.0	-0.03094
140.0	-0.03016
141.0	-0.02928
142.0	-0.02821
143.0	-0.02726
144.0	-0.02632
145.0	-0.02540
146.0	-0.02425
147.0	-0.02301
148.0	-0.02196
149.0	-0.02083
150.0	-0.01983
151.0	-0.01902
152.0	-0.01799
153.0	-0.01721
154.0	-0.01623
155.0	-0.01513
156.0	-0.01408
157.0	-0.01292
158.0	-0.01118
159.0	-0.00973
160.0	-0.00818
161.0	-0.00730
162.0	-0.00608
163.0	-0.00485
164.0	-0.00321
165.0	-0.00168
166.0	-0.00024
167.0	0.00074
168.0	0.00164
169.0	0.00248
170.0	0.00319
171.0	0.00380
172.0	0.00414
173.0	0.00462
174.0	0.00523
175.0	0.00568
176.0	0.00598
177.0	0.00632
178.0	0.00646
179.0	0.00681
180.0	0.00703
181.0	0.00726
182.0	0.00747
183.0	0.00762
184.0	0.00769
185.0	0.00780
186.0	0.00770
187.0	0.00774
188.0	0.00780
189.0	0.00790
190.0	0.00788
191.0	0.00770
192.0	0.00763
193.0	0.00768
194.0	0.00760
195.0	0.00739
196.0	0.00710
197.0	0.00672
198.0	0.00631
199.0	0.00613
200.0	0.00591
201.0	0.00558
202.0	0.00519
203.0	0.00477
204.0	0.00439
205.0	0.00402
206.0	0.00335
207.0	0.00248
208.0	0.00153
209.0	0.00058
210.0	-0.00031
211.0	-0.00123
212.0	-0.00230
213.0	-0.00356
214.0	-0.00526
215.0	-0.00694
216.0	-0.00859
217.0	-0.01016
218.0	-0.01159
219.0	-0.01280
220.0	-0.01389
221.0	-0.01476
222.0	-0.01539
223.0	-0.01616
224.0	-0.01692
225.0	-0.01771
226.0	-0.01866
227.0	-0.01974
228.0	-0.02085
229.0	-0.02173
230.0	-0.02277
231.0	-0.02396
232.0	-0.02496
233.0	-0.02580
234.0	-0.02666
235.0	-0.02762
236.0	-0.02854
237.0	-0.02935
238.0	-0.03016
239.0	-0.03081
240.0	-0.03152
241.0	-0.03217
242.0	-0.03276
243.0	-0.03335
244.0	-0.03398
245.0	-0.03474
246.0	-0.03545
247.0	-0.03625
248.0	-0.03724
249.0	-0.03822
250.0	-0.03921
251.0	-0.04021
252.0	-0.04164
253.0	-0.04303
254.0	-0.04411
255.0	-0.04519
256.0	-0.04638
257.0	-0.04722
258.0	-0.04810
259.0	-0.04898
260.0	-0.04975
261.0	-0.05035
262.0	-0.05123
263.0	-0.05196
264.0	-0.05245
265.0	-0.05280
266.0	-0.05338
267.0	-0.05404
268.0	-0.05468
269.0	-0.05518
270.0	-0.05566
271.0	-0.05617
272.0	-0.05685
273.0	-0.05736
274.0	-0.05793
275.0	-0.05826
276.0	-0.05849
277.0	-0.05887
278.0	-0.05896
279.0	-0.05885
280.0	-0.05907
281.0	-0.05947
282.0	-0.05966
283.0	-0.05973
284.0	-0.05973
285.0	-0.05979
286.0	-0.05987
287.0	-0.05995
288.0	-0.05999
289.0	-0.05997
290.0	-0.06008
291.0	-0.05988
292.0	-0.05964
293.0	-0.05947
294.0	-0.05923
295.0	-0.05890
296.0	-0.05871
297.0	-0.05872
298.0	-0.05858
299.0	-0.05815
300.0	-0.05788
301.0	-0.05761
302.0	-0.05713
303.0	-0.05643
304.0	-0.05566
305.0	-0.05487
306.0	-0.05417
307.0	-0.05366
308.0	-0.05327
309.0	-0.05280
310.0	-0.05219
311.0	-0.05163
312.0	-0.05096
313.0	-0.05039
314.0	-0.04973
315.0	-0.04891
316.0	-0.04796
317.0	-0.04693
318.0	-0.04592
319.0	-0.04498
320.0	-0.04391
321.0	-0.04271
322.0	-0.04135
323.0	-0.04026
324.0	-0.03909
325.0	-0.03817
326.0	-0.03726
327.0	-0.03649
328.0	-0.03567
329.0	-0.03492
330.0	-0.03415
331.0	-0.03347
332.0	-0.03287
333.0	-0.03230
334.0	-0.03175
335.0	-0.03102
336.0	-0.03023
337.0	-0.02954
338.0	-0.02880
339.0	-0.02800
340.0	-0.02725
341.0	-0.02647
342.0	-0.02558
343.0	-0.02473
344.0	-0.02381
345.0	-0.02301
346.0	-0.02213
347.0	-0.02138
348.0	-0.02066
349.0	-0.01976
350.0	-0.01895
351.0	-0.01819
352.0	-0.01762
353.0	-0.01734
354.0	-0.01666
355.0	-0.01573
356.0	-0.01479
357.0	-0.01409
358.0	-0.01312
359.0	-0.01182
360.0	-0.01078
361.0	-0.00989
362.0	-0.00933
363.0	-0.00883
364.0	-0.00779
365.0	-0.00675
366.0	-0.00560
367.0	-0.00463
368.0	-0.00353
369.0	-0.00292
370.0	-0.00225
371.0	-0.00137
372.0	-0.00059
373.0	0.00001
374.0	0.00048
375.0	0.00107
376.0	0.00173
377.0	0.00200
378.0	0.00222
379.0	0.00246
380.0	0.00270
381.0	0.00293
382.0	0.00314
383.0	0.00322
384.0	0.00327
385.0	0.00322
386.0	0.00312
387.0	0.00288
388.0	0.00250
389.0	0.00226
390.0	0.00223
391.0	0.00222
392.0	0.00195
393.0	0.00147
394.0	0.00075
395.0	0.00033
396.0	0.00020
397.0	-0.00011
398.0	-0.00102
399.0	-0.00170
400.0	-0.00201
401.0	-0.00303
402.0	-0.00423
403.0	-0.00523
404.0	-0.00631
405.0	-0.00735
406.0	-0.00850
407.0	-0.00946
408.0	-0.01049
409.0	-0.01160
410.0	-0.01257
411.0	-0.01332
412.0	-0.01384
413.0	-0.01444
414.0	-0.01493
415.0	-0.01542
416.0	-0.01595
417.0	-0.01645
418.0	-0.01711
419.0	-0.01781
420.0	-0.01868
421.0	-0.01953
422.0	-0.02044
423.0	-0.02127
424.0	-0.02207
425.0	-0.02298
426.0	-0.02381
427.0	-0.02456
428.0	-0.02546
429.0	-0.02638
430.0	-0.02708
431.0	-0.02749
432.0	-0.02797
433.0	-0.02880
434.0	-0.02966
435.0	-0.03040
436.0	-0.03106
437.0	-0.03145
438.0	-0.03211
439.0	-0.03275
440.0	-0.03334
441.0	-0.03386
442.0	-0.03461
443.0	-0.03538
444.0	-0.03610
445.0	-0.03672
446.0	-0.03742
447.0	-0.03814
448.0	-0.03913
449.0	-0.04026
450.0	-0.04139
451.0	-0.04245
452.0	-0.04338
453.0	-0.04448
454.0	-0.04562
455.0	-0.04673
456.0	-0.04761
457.0	-0.04809
458.0	-0.04885
459.0	-0.04954
460.0	-0.05000
461.0	-0.05044
462.0	-0.05104
463.0	-0.05177
464.0	-0.05227
465.0	-0.05275
466.0	-0.05317
467.0	-0.05342
468.0	-0.05388
469.0	-0.05447
470.0	-0.05500
471.0	-0.05538
472.0	-0.05555
473.0	-0.05558
474.0	-0.05571
475.0	-0.05585
476.0	-0.05586
477.0	-0.05595
478.0	-0.05596
479.0	-0.05579
480.0	-0.05607
481.0	-0.05595
482.0	-0.05553
483.0	-0.05529
484.0	-0.05516
485.0	-0.05520
486.0	-0.05544
487.0	-0.05552
488.0	-0.05547
489.0	-0.05537
490.0	-0.05518
491.0	-0.05475
492.0	-0.05449
493.0	-0.05432
494.0	-0.05386
495.0	-0.05354
496.0	-0.05317
497.0	-0.05279
498.0	-0.05240
499.0	-0.05229
500.0	-0.05181
501.0	-0.05119
502.0	-0.05054
503.0	-0.04996
504.0	-0.04933
505.0	-0.04857
506.0	-0.04793
507.0	-0.04729
508.0	-0.04662
509.0	-0.04600
510.0	-0.04480
511.0	-0.04384
512.0	-0.04289
513.0	-0.04179
514.0	-0.04087
515.0	-0.03972
516.0	-0.03851
517.0	-0.03777
518.0	-0.03720
519.0	-0.03670
520.0	-0.03614
521.0	-0.03572
522.0	-0.03512
523.0	-0.03455
524.0	-0.03411
525.0	-0.03357
526.0	-0.03307
527.0	-0.03252
528.0	-0.03205
529.0	-0.03143
530.0	-0.03091
531.0	-0.03045
532.0	-0.02987
533.0	-0.02915
534.0	-0.02827
535.0	-0.02748
536.0	-0.02690
537.0	-0.02646
538.0	-0.02599
539.0	-0.02534
540.0	-0.02468
541.0	-0.02414
542.0	-0.02339
543.0	-0.02246
544.0	-0.02162
545.0	-0.02079
546.0	-0.02004
547.0	-0.01930
548.0	-0.01870
549.0	-0.01814
550.0	-0.01773
551.0	-0.01747
552.0	-0.01707
553.0	-0.01663
554.0	-0.01613
555.0	-0.01567
556.0	-0.01521
557.0	-0.01472
558.0	-0.01426
559.0	-0.01379
560.0	-0.01310
561.0	-0.01261
562.0	-0.01233
563.0	-0.01184
564.0	-0.01120
565.0	-0.01036
566.0	-0.00969
567.0	-0.00908
568.0	-0.00842
569.0	-0.00791
570.0	-0.00749
571.0	-0.00739
572.0	-0.00690
573.0	-0.00647
574.0	-0.00619
575.0	-0.00578
576.0	-0.00539
577.0	-0.00534
578.0	-0.00549
579.0	-0.00546
580.0	-0.00542
581.0	-0.00512
582.0	-0.00490
583.0	-0.00452
584.0	-0.00460
585.0	-0.00510
586.0	-0.00531
587.0	-0.00579
588.0	-0.00627
589.0	-0.00652
590.0	-0.00740
591.0	-0.00798
592.0	-0.00917
593.0	-0.00984
594.0	-0.01049
595.0	-0.01129
596.0	-0.01246
597.0	-0.01345
598.0	-0.01405
599.0	-0.01449
600.0	-0.01494
601.0	-0.01528
602.0	-0.01558
603.0	-0.01601
604.0	-0.01672
605.0	-0.01739
606.0	-0.01778
607.0	-0.01813
608.0	-0.01860
609.0	-0.01921
610.0	-0.01994
611.0	-0.02062
612.0	-0.02129
613.0	-0.02222
614.0	-0.02305
615.0	-0.02382
616.0	-0.02440
617.0	-0.02498
618.0	-0.02561
619.0	-0.02619
620.0	-0.02667
621.0	-0.02709
622.0	-0.02774
623.0	-0.02846
624.0	-0.02904
625.0	-0.02973
626.0	-0.03039
627.0	-0.03104
628.0	-0.03155
629.0	-0.03202
630.0	-0.03236
631.0	-0.03274
632.0	-0.03333
633.0	-0.03389
634.0	-0.03437
635.0	-0.03471
636.0	-0.03515
637.0	-0.03551
638.0	-0.03584
639.0	-0.03637
640.0	-0.03712
641.0	-0.03760
642.0	-0.03796
643.0	-0.03880
644.0	-0.03993
645.0	-0.04096
646.0	-0.04188
647.0	-0.04272
648.0	-0.04350
649.0	-0.04429
650.0	-0.04497
651.0	-0.04553
652.0	-0.04616
653.0	-0.04713
654.0	-0.04808
655.0	-0.04864
656.0	-0.04899
657.0	-0.04933
658.0	-0.04968
659.0	-0.05010
660.0	-0.05048
661.0	-0.05080
662.0	-0.05110
663.0	-0.05146
664.0	-0.05160
665.0	-0.05196
666.0	-0.05216
667.0	-0.05212
668.0	-0.05226
669.0	-0.05241
670.0	-0.05259
671.0	-0.05266
672.0	-0.05268
673.0	-0.05276
674.0	-0.05303
675.0	-0.05303
676.0	-0.05313
677.0	-0.05320
678.0	-0.05320
679.0	-0.05307
680.0	-0.05287
681.0	-0.05271
682.0	-0.05252
683.0	-0.05241
684.0	-0.05229
685.0	-0.05218
686.0	-0.05208
687.0	-0.05172
688.0	-0.05136
689.0	-0.05112
690.0	-0.05101
691.0	-0.05074
692.0	-0.05045
693.0	-0.05016
694.0	-0.04975
695.0	-0.04920
696.0	-0.04885
697.0	-0.04854
698.0	-0.04816
699.0	-0.04756
700.0	-0.04674
701.0	-0.04628
702.0	-0.04580
703.0	-0.04527
704.0	-0.04462
705.0	-0.04409
706.0	-0.04335
707.0	-0.04259
708.0	-0.04147
709.0	-0.04016
710.0	-0.03905
711.0	-0.03831
712.0	-0.03776
713.0	-0.03742
714.0	-0.03707
715.0	-0.03658
716.0	-0.03606
717.0	-0.03565
718.0	-0.03531
719.0	-0.03488
720.0	-0.03453
721.0	-0.03417
722.0	-0.03374
723.0	-0.03332
724.0	-0.03297
725.0	-0.03259
726.0	-0.03216
727.0	-0.03160
728.0	-0.03084
729.0	-0.03010
730.0	-0.02957
731.0	-0.02901
732.0	-0.02838
733.0	-0.02772
734.0	-0.02705
735.0	-0.02649
736.0	-0.02601
737.0	-0.02547
738.0	-0.02505
739.0	-0.02488
740.0	-0.02449
741.0	-0.02383
742.0	-0.02341
743.0	-0.02302
744.0	-0.02244
745.0	-0.02191
746.0	-0.02157
747.0	-0.02126
748.0	-0.02072
749.0	-0.02031
750.0	-0.01984
751.0	-0.01934
752.0	-0.01895
753.0	-0.01871
754.0	-0.01829
755.0	-0.01795
756.0	-0.01765
757.0	-0.01736
758.0	-0.01708
759.0	-0.01686
760.0	-0.01658
761.0	-0.01627
762.0	-0.01603
763.0	-0.01582
764.0	-0.01577
765.0	-0.01565
766.0	-0.01539
767.0	-0.01539
768.0	-0.01553
769.0	-0.01559
770.0	-0.01550
771.0	-0.01550
772.0	-0.01552
773.0	-0.01563
774.0	-0.01575
775.0	-0.01569
776.0	-0.01569
777.0	-0.01565
778.0	-0.01567
779.0	-0.01568
780.0	-0.01576
781.0	-0.01608
782.0	-0.01633
783.0	-0.01630
784.0	-0.01620
785.0	-0.01602
786.0	-0.01603
787.0	-0.01634
788.0	-0.01673
789.0	-0.01680
790.0	-0.01680
791.0	-0.01706
792.0	-0.01744
793.0	-0.01777
794.0	-0.01798
795.0	-0.01838
796.0	-0.01879
797.0	-0.01942
798.0	-0.01979
799.0	-0.02005
800.0	-0.02043
801.0	-0.02094
802.0	-0.02128
803.0	-0.02173
804.0	-0.02219
805.0	-0.02268
806.0	-0.02295
807.0	-0.02328
808.0	-0.02362
809.0	-0.02425
810.0	-0.02466
811.0	-0.02505
812.0	-0.02543
813.0	-0.02592
814.0	-0.02622
815.0	-0.02666
816.0	-0.02701
817.0	-0.02748
818.0	-0.02815
819.0	-0.02865
820.0	-0.02924
821.0	-0.02975
822.0	-0.03018
823.0	-0.03058
824.0	-0.03089
825.0	-0.03126
826.0	-0.03157
827.0	-0.03196
828.0	-0.03221
829.0	-0.03256
830.0	-0.03289
831.0	-0.03312
832.0	-0.03338
833.0	-0.03380
834.0	-0.03426
835.0	-0.03465
836.0	-0.03492
837.0	-0.03535
838.0	-0.03591
839.0	-0.03630
840.0	-0.03677
841.0	-0.03723
842.0	-0.03789
843.0	-0.03841
844.0	-0.03899
845.0	-0.03954
846.0	-0.04001
847.0	-0.04048
848.0	-0.04068
849.0	-0.04081
850.0	-0.04126
851.0	-0.04164
852.0	-0.04196
853.0	-0.04212
854.0	-0.04246
855.0	-0.04300
856.0	-0.04346
857.0	-0.04353
858.0	-0.04375
859.0	-0.04416
860.0	-0.04478
861.0	-0.04530
862.0	-0.04566
863.0	-0.04583
864.0	-0.04616
865.0	-0.04659
866.0	-0.04672
867.0	-0.04710
868.0	-0.04758
869.0	-0.04794
870.0	-0.04803
871.0	-0.04805
872.0	-0.04807
873.0	-0.04814
874.0	-0.04811
875.0	-0.04816
876.0	-0.04780
877.0	-0.04746
878.0	-0.04700
879.0	-0.04647
880.0	-0.04619
881.0	-0.04579
882.0	-0.04526
883.0	-0.04500
884.0	-0.04472
885.0	-0.04417
886.0	-0.04372
887.0	-0.04352
888.0	-0.04331
889.0	-0.04313
890.0	-0.04257
891.0	-0.04184
892.0	-0.04131
893.0	-0.04111
894.0	-0.04068
895.0	-0.04019
896.0	-0.03966
897.0	-0.03942
898.0	-0.03911
899.0	-0.03890
900.0	-0.03856
901.0	-0.03820
902.0	-0.03775
903.0	-0.03740
904.0	-0.03698
905.0	-0.03651
906.0	-0.03594
907.0	-0.03541
908.0	-0.03492
909.0	-0.03448
910.0	-0.03410
911.0	-0.03390
912.0	-0.03363
913.0	-0.03342
914.0	-0.03323
915.0	-0.03314
916.0	-0.03281
917.0	-0.03244
918.0	-0.03208
919.0	-0.03170
920.0	-0.03143
921.0	-0.03116
922.0	-0.03067
923.0	-0.03017
924.0	-0.02992
925.0	-0.02951
926.0	-0.02907
927.0	-0.02865
928.0	-0.02819
929.0	-0.02790
930.0	-0.02766
931.0	-0.02721
932.0	-0.02663
933.0	-0.02614
934.0	-0.02568
935.0	-0.02532
936.0	-0.02514
937.0	-0.02509
938.0	-0.02485
939.0	-0.02448
940.0	-0.02408
941.0	-0.02380
942.0	-0.02369
943.0	-0.02340
944.0	-0.02290
945.0	-0.02242
946.0	-0.02202
947.0	-0.02152
948.0	-0.02088
949.0	-0.02063
950.0	-0.02054
951.0	-0.02038
952.0	-0.02014
953.0	-0.01988
954.0	-0.01963
955.0	-0.01948
956.0	-0.01927
957.0	-0.01917
958.0	-0.01920
959.0	-0.01914
960.0	-0.01905
961.0	-0.01894
962.0	-0.01882
963.0	-0.01894
964.0	-0.01882
965.0	-0.01901
966.0	-0.01917
967.0	-0.01912
968.0	-0.01891
969.0	-0.01877
970.0	-0.01881
971.0	-0.01888
972.0	-0.01895
973.0	-0.01803
974.0	-0.01550
975.0	-0.01269
976.0	-0.01071
977.0	-0.00914
978.0	-0.00808
979.0	-0.00708
980.0	-0.00584
981.0	-0.00500
982.0	-0.00407
983.0	-0.00313
984.0	-0.00219
985.0	-0.00088
986.0	0.00045
987.0	0.00180
988.0	0.00298
989.0	0.00422
990.0	0.00544
991.0	0.00645
992.0	0.00729
993.0	0.00833
994.0	0.00936
995.0	0.01059
996.0	0.01192
997.0	0.01316
998.0	0.01437
999.0	0.01560
1000.0	0.01708
1001.0	0.01854
1002.0	0.01995
1003.0	0.02154
1004.0	0.02307
1005.0	0.02474
1006.0	0.02626
1007.0	0.02828
1008.0	0.03013
1009.0	0.03157
1010.0	0.03288
1011.0	0.03432
1012.0	0.03566
1013.0	0.03706
1014.0	0.03865
1015.0	0.04029
1016.0	0.04183
1017.0	0.04301
1018.0	0.04403
1019.0	0.04497
1020.0	0.04582
1021.0	0.04676
1022.0	0.04785
1023.0	0.04898
1024.0	0.04994
1025.0	0.05076
1026.0	0.05158
1027.0	0.05286
1028.0	0.05418
1029.0	0.05536
1030.0	0.05665
1031.0	0.05772
1032.0	0.05894
1033.0	0.06008
1034.0	0.06115
1035.0	0.06218
1036.0	0.06335
1037.0	0.06451
1038.0	0.06555
1039.0	0.06651
1040.0	0.06733
1041.0	0.06806
1042.0	0.06873
1043.0	0.06934
1044.0	0.06999
1045.0	0.07079
1046.0	0.07157
1047.0	0.07224
1048.0	0.07297
1049.0	0.07377
1050.0	0.07432
1051.0	0.07468
1052.0	0.07521
1053.0	0.07568
1054.0	0.07601
1055.0	0.07643
1056.0	0.07652
1057.0	0.07655
1058.0	0.07650
1059.0	0.07641
1060.0	0.07631
1061.0	0.07618
1062.0	0.07603
1063.0	0.07565
1064.0	0.07516
1065.0	0.07493
1066.0	0.07479
1067.0	0.07474
1068.0	0.07448
1069.0	0.07399
1070.0	0.07371
1071.0	0.07335
1072.0	0.07301
1073.0	0.07271
1074.0	0.07224
1075.0	0.07163
1076.0	0.07095
1077.0	0.07032
1078.0	0.06970
1079.0	0.06898
1080.0	0.06806
1081.0	0.06723
1082.0	0.06653
1083.0	0.06576
1084.0	0.06509
1085.0	0.06441
1086.0	0.06364
1087.0	0.06285
1088.0	0.06204
1089.0	0.06091
1090.0	0.05970
1091.0	0.05864
1092.0	0.05762
1093.0	0.05642
1094.0	0.05523
1095.0	0.05400
1096.0	0.05294
1097.0	0.05195
1098.0	0.05082
1099.0	0.04985
1100.0	0.04897
1101.0	0.04802
1102.0	0.04714
1103.0	0.04620
1104.0	0.04522
1105.0	0.04426
1106.0	0.04336
1107.0	0.04237
1108.0	0.04074
1109.0	0.03909
1110.0	0.03784
1111.0	0.03661
1112.0	0.03503
1113.0	0.03341
1114.0	0.03196
1115.0	0.03051
1116.0	0.02901
1117.0	0.02745
1118.0	0.02587
1119.0	0.02492
1120.0	0.02396
1121.0	0.02262
1122.0	0.02183
1123.0	0.02127
1124.0	0.02027
1125.0	0.01921
1126.0	0.01822
1127.0	0.01727
1128.0	0.01621
1129.0	0.01524
1130.0	0.01437
1131.0	0.01337
1132.0	0.01240
1133.0	0.01151
1134.0	0.01068
1135.0	0.00991
1136.0	0.00913
1137.0	0.00846
1138.0	0.00771
1139.0	0.00711
1140.0	0.00636
1141.0	0.00598
1142.0	0.00559
1143.0	0.00532
1144.0	0.00515
1145.0	0.00457
1146.0	0.00408
1147.0	0.00390
1148.0	0.00369
1149.0	0.00306
1150.0	0.00171
1151.0	0.00056
1152.0	0.00019
1153.0	0.00032
1154.0	0.00011
1155.0	-0.00020
1156.0	-0.00031
1157.0	-0.00040
1158.0	-0.00041
1159.0	-0.00034
1160.0	-0.00028
1161.0	0.00000
1162.0	0.00026
1163.0	0.00064
1164.0	0.00068
1165.0	0.00095
1166.0	0.00146
1167.0	0.00197
1168.0	0.00212
1169.0	0.00222
1170.0	0.00245
1171.0	0.00266
1172.0	0.00317
1173.0	0.00372
1174.0	0.00421
1175.0	0.00467
1176.0	0.00516
1177.0	0.00564
1178.0	0.00605
1179.0	0.00657
1180.0	0.00711
1181.0	0.00774
1182.0	0.00833
1183.0	0.00874
1184.0	0.00917
1185.0	0.01019
1186.0	0.01131
1187.0	0.01207
1188.0	0.01289
1189.0	0.01375
1190.0	0.01471
1191.0	0.01566
1192.0	0.01651
1193.0	0.01733
1194.0	0.01835
1195.0	0.01949
1196.0	0.02044
1197.0	0.02142
1198.0	0.02260
1199.0	0.02371
1200.0	0.02474
1201.0	0.02571
1202.0	0.02688
1203.0	0.02804
1204.0	0.02937
1205.0	0.03043
1206.0	0.03144
1207.0	0.03274
1208.0	0.03410
1209.0	0.03545
1210.0	0.03698
1211.0	0.03850
1212.0	0.03982
1213.0	0.04082
1214.0	0.04166
1215.0	0.04271
1216.0	0.04371
1217.0	0.04440
1218.0	0.04493
1219.0	0.04580
1220.0	0.04657
1221.0	0.04721
1222.0	0.04780
1223.0	0.04873
1224.0	0.04949
1225.0	0.05021
1226.0	0.05096
1227.0	0.05177
1228.0	0.05264
1229.0	0.05365
1230.0	0.05433
1231.0	0.05509
1232.0	0.05589
1233.0	0.05670
1234.0	0.05745
1235.0	0.05805
1236.0	0.05878
1237.0	0.05945
1238.0	0.06006
1239.0	0.06037
1240.0	0.06069
1241.0	0.06132
1242.0	0.06178
1243.0	0.06231
1244.0	0.06295
1245.0	0.06343
1246.0	0.06384
1247.0	0.06428
1248.0	0.06442
1249.0	0.06443
1250.0	0.06476
1251.0	0.06480
1252.0	0.06496
1253.0	0.06512
1254.0	0.06522
1255.0	0.06538
1256.0	0.06544
1257.0	0.06554
1258.0	0.06553
1259.0	0.06541
1260.0	0.06525
1261.0	0.06505
1262.0	0.06479
1263.0	0.06462
1264.0	0.06442
1265.0	0.06408
1266.0	0.06357
1267.0	0.06333
1268.0	0.06322
1269.0	0.06306
1270.0	0.06268
1271.0	0.06235
1272.0	0.06172
1273.0	0.06086
1274.0	0.06019
1275.0	0.05957
1276.0	0.05886
1277.0	0.05809
1278.0	0.05754
1279.0	0.05708
1280.0	0.05654
1281.0	0.05588
1282.0	0.05505
1283.0	0.05420
1284.0	0.05336
1285.0	0.05273
1286.0	0.05195
1287.0	0.05110
1288.0	0.05026
1289.0	0.04931
1290.0	0.04848
1291.0	0.04771
1292.0	0.04703
1293.0	0.04649
1294.0	0.04588
1295.0	0.04519
1296.0	0.04469
1297.0	0.04433
1298.0	0.04373
1299.0	0.04326
1300.0	0.04251
1301.0	0.04177
1302.0	0.04102
1303.0	0.04023
1304.0	0.03931
1305.0	0.03811
1306.0	0.03672
1307.0	0.03545
1308.0	0.03441
1309.0	0.03321
1310.0	0.03208
1311.0	0.03094
1312.0	0.02970
1313.0	0.02869
1314.0	0.02765
1315.0	0.02658
1316.0	0.02558
1317.0	0.02478
1318.0	0.02401
1319.0	0.02307
1320.0	0.02205
1321.0	0.02135
1322.0	0.02079
1323.0	0.01991
1324.0	0.01897
1325.0	0.01822
1326.0	0.01735
1327.0	0.01654
1328.0	0.01582
1329.0	0.01500
1330.0	0.01422
1331.0	0.01341
1332.0	0.01281
1333.0	0.01237
1334.0	0.01185
1335.0	0.01125
1336.0	0.01060
1337.0	0.00993
1338.0	0.00953
1339.0	0.00918
1340.0	0.00861
1341.0	0.00814
1342.0	0.00793
1343.0	0.00795
1344.0	0.00770
1345.0	0.00745
1346.0	0.00737
1347.0	0.00730
1348.0	0.00709
1349.0	0.00683
1350.0	0.00657
1351.0	0.00647
1352.0	0.00641
1353.0	0.00640
1354.0	0.00627
1355.0	0.00620
1356.0	0.00616
1357.0	0.00616
1358.0	0.00631
1359.0	0.00654
1360.0	0.00680
1361.0	0.00697
1362.0	0.00708
1363.0	0.00735
1364.0	0.00752
1365.0	0.00757
1366.0	0.00773
1367.0	0.00806
1368.0	0.00864
1369.0	0.00944
1370.0	0.01018
1371.0	0.01072
1372.0	0.01121
1373.0	0.01165
1374.0	0.01233
1375.0	0.01289
1376.0	0.01323
1377.0	0.01351
1378.0	0.01391
1379.0	0.01453
1380.0	0.01528
1381.0	0.01582
1382.0	0.01653
1383.0	0.01721
1384.0	0.01835
1385.0	0.01938
1386.0	0.01999
1387.0	0.02032
1388.0	0.02082
1389.0	0.02163
1390.0	0.02257
1391.0	0.02325
1392.0	0.02378
1393.0	0.02443
1394.0	0.02522
1395.0	0.02625
1396.0	0.02709
1397.0	0.02797
1398.0	0.02903
1399.0	0.03023
1400.0	0.03119
1401.0	0.03242
1402.0	0.03339
1403.0	0.03485
1404.0	0.03622
1405.0	0.03734
1406.0	0.03824
1407.0	0.03900
1408.0	0.03955
1409.0	0.04016
1410.0	0.04103
1411.0	0.04192
1412.0	0.04263
1413.0	0.04316
1414.0	0.04362
1415.0	0.04397
1416.0	0.04436
1417.0	0.04494
1418.0	0.04559
1419.0	0.04618
1420.0	0.04671
1421.0	0.04716
1422.0	0.04760
1423.0	0.04812
1424.0	0.04863
1425.0	0.04901
1426.0	0.04960
1427.0	0.05027
1428.0	0.05077
1429.0	0.05135
1430.0	0.05173
1431.0	0.05195
1432.0	0.05219
1433.0	0.05278
1434.0	0.05342
1435.0	0.05392
1436.0	0.05489
1437.0	0.05578
1438.0	0.05618
1439.0	0.05664
1440.0	0.05701
1441.0	0.05737
1442.0	0.05772
1443.0	0.05800
1444.0	0.05802
1445.0	0.05831
1446.0	0.05866
1447.0	0.05875
1448.0	0.05876
1449.0	0.05880
1450.0	0.05860
1451.0	0.05862
1452.0	0.05866
1453.0	0.05870
1454.0	0.05858
1455.0	0.05851
1456.0	0.05861
1457.0	0.05875
1458.0	0.05859
1459.0	0.05832
1460.0	0.05800
1461.0	0.05742
1462.0	0.05709
1463.0	0.05695
1464.0	0.05670
1465.0	0.05636
1466.0	0.05609
1467.0	0.05567
1468.0	0.05512
1469.0	0.05455
1470.0	0.05419
1471.0	0.05384
1472.0	0.05337
1473.0	0.05284
1474.0	0.05235
1475.0	0.05189
1476.0	0.05123
1477.0	0.05065
1478.0	0.05018
1479.0	0.04957
1480.0	0.04903
1481.0	0.04842
1482.0	0.04786
1483.0	0.04738
1484.0	0.04687
1485.0	0.04631
1486.0	0.04585
1487.0	0.04540
1488.0	0.04496
1489.0	0.04466
1490.0	0.04427
1491.0	0.04389
1492.0	0.04340
1493.0	0.04298
1494.0	0.04250
1495.0	0.04187
1496.0	0.04113
1497.0	0.04008
1498.0	0.03904
1499.0	0.03808
1500.0	0.03708
1501.0	0.03626
1502.0	0.03527
1503.0	0.03406
1504.0	0.03287
1505.0	0.03178
1506.0	0.03094
1507.0	0.03012
1508.0	0.02928
1509.0	0.02846
1510.0	0.02761
1511.0	0.02693
1512.0	0.02622
1513.0	0.02560
1514.0	0.02504
1515.0	0.02437
1516.0	0.02358
1517.0	0.02315
1518.0	0.02272
1519.0	0.02224
1520.0	0.02192
1521.0	0.02143
1522.0	0.02072
1523.0	0.01990
1524.0	0.01917
1525.0	0.01845
1526.0	0.01789
1527.0	0.01750
1528.0	0.01708
1529.0	0.01659
1530.0	0.01632
1531.0	0.01584
1532.0	0.01535
1533.0	0.01507
1534.0	0.01473
1535.0	0.01428
1536.0	0.01369
1537.0	0.01340
1538.0	0.01329
1539.0	0.01311
1540.0	0.01290
1541.0	0.01260
1542.0	0.01239
1543.0	0.01211
1544.0	0.01204
1545.0	0.01220
1546.0	0.01209
1547.0	0.01180
1548.0	0.01189
1549.0	0.01186
1550.0	0.01178
1551.0	0.01189
1552.0	0.01200
1553.0	0.01201
1554.0	0.01201
1555.0	0.01200
1556.0	0.01195
1557.0	0.01198
1558.0	0.01230
1559.0	0.01264
1560.0	0.01282
1561.0	0.01291
1562.0	0.01320
1563.0	0.01356
1564.0	0.01391
1565.0	0.01443
1566.0	0.01483
1567.0	0.01520
1568.0	0.01561
1569.0	0.01611
1570.0	0.01667
1571.0	0.01706
1572.0	0.01758
1573.0	0.01812
1574.0	0.01872
1575.0	0.01917
1576.0	0.01954
1577.0	0.02008
1578.0	0.02068
1579.0	0.02118
1580.0	0.02155
1581.0	0.02193
1582.0	0.02268
1583.0	0.02324
1584.0	0.02387
1585.0	0.02442
1586.0	0.02509
1587.0	0.02579
1588.0	0.02642
1589.0	0.02663
1590.0	0.02692
1591.0	0.02749
1592.0	0.02839
1593.0	0.02922
1594.0	0.03020
1595.0	0.03091
1596.0	0.03173
1597.0	0.03301
1598.0	0.03448
1599.0	0.03556
1600.0	0.03647
1601.0	0.03729
1602.0	0.03800
1603.0	0.03892
1604.0	0.03988
1605.0	0.04060
1606.0	0.04123
1607.0	0.04185
1608.0	0.04229
1609.0	0.04273
1610.0	0.04314
1611.0	0.04347
1612.0	0.04372
1613.0	0.04413
1614.0	0.04453
1615.0	0.04485
1616.0	0.04514
1617.0	0.04558
1618.0	0.04612
1619.0	0.04652
1620.0	0.04696
1621.0	0.04743
1622.0	0.04784
1623.0	0.04826
1624.0	0.04869
1625.0	0.04905
1626.0	0.04942
1627.0	0.04965
1628.0	0.04994
1629.0	0.05013
1630.0	0.05048
1631.0	0.05092
1632.0	0.05107
1633.0	0.05125
1634.0	0.05149
1635.0	0.05168
1636.0	0.05176
1637.0	0.05196
1638.0	0.05216
1639.0	0.05223
1640.0	0.05225
1641.0	0.05220
1642.0	0.05236
1643.0	0.05252
1644.0	0.05272
1645.0	0.05324
1646.0	0.05360
1647.0	0.05372
1648.0	0.05366
1649.0	0.05337
1650.0	0.05317
1651.0	0.05308
1652.0	0.05287
1653.0	0.05259
1654.0	0.05216
1655.0	0.05175
1656.0	0.05156
1657.0	0.05138
1658.0	0.05101
1659.0	0.05049
1660.0	0.05011
1661.0	0.04989
1662.0	0.04986
1663.0	0.05005
1664.0	0.05007
1665.0	0.04979
1666.0	0.04953
1667.0	0.04942
1668.0	0.04919
1669.0	0.04898
1670.0	0.04876
1671.0	0.04844
1672.0	0.04805
1673.0	0.04767
1674.0	0.04717
1675.0	0.04682
1676.0	0.04650
1677.0	0.04614
1678.0	0.04569
1679.0	0.04524
1680.0	0.04490
1681.0	0.04458
1682.0	0.04439
1683.0	0.04414
1684.0	0.04388
1685.0	0.04378
1686.0	0.04361
1687.0	0.04324
1688.0	0.04288
1689.0	0.04274
1690.0	0.04228
1691.0	0.04167
1692.0	0.04098
1693.0	0.04050
1694.0	0.03992
1695.0	0.03914
1696.0	0.03837
1697.0	0.03745
1698.0	0.03626
1699.0	0.03520
1700.0	0.03389
1701.0	0.03307
1702.0	0.03207
1703.0	0.03123
1704.0	0.03045
1705.0	0.02967
1706.0	0.02903
1707.0	0.02850
1708.0	0.02807
1709.0	0.02757
1710.0	0.02702
1711.0	0.02641
1712.0	0.02574
1713.0	0.02511
1714.0	0.02476
1715.0	0.02446
1716.0	0.02421
1717.0	0.02374
1718.0	0.02319
1719.0	0.02257
1720.0	0.02170
1721.0	0.02123
1722.0	0.02099
1723.0	0.02067
1724.0	0.02053
1725.0	0.02044
1726.0	0.01994
1727.0	0.01932
1728.0	0.01918
1729.0	0.01882
1730.0	0.01854
1731.0	0.01789
1732.0	0.01753
1733.0	0.01737
1734.0	0.01690
1735.0	0.01672
1736.0	0.01658
1737.0	0.01641
1738.0	0.01628
1739.0	0.01582
1740.0	0.01531
1741.0	0.01487
1742.0	0.01473
1743.0	0.01467
1744.0	0.01469
1745.0	0.01473
1746.0	0.01467
1747.0	0.01473
1748.0	0.01470
1749.0	0.01457
1750.0	0.01470
1751.0	0.01494
1752.0	0.01498
1753.0	0.01510
1754.0	0.01545
1755.0	0.01579
1756.0	0.01581
1757.0	0.01582
1758.0	0.01605
1759.0	0.01642
1760.0	0.01668
1761.0	0.01699
1762.0	0.01736
1763.0	0.01780
1764.0	0.01807
1765.0	0.01855
1766.0	0.01898
1767.0	0.01938
1768.0	0.01992
1769.0	0.02031
1770.0	0.02067
1771.0	0.02117
1772.0	0.02156
1773.0	0.02194
1774.0	0.02242
1775.0	0.02304
1776.0	0.02357
1777.0	0.02421
1778.0	0.02469
1779.0	0.02496
1780.0	0.02497
1781.0	0.02491
1782.0	0.02520
1783.0	0.02571
1784.0	0.02611
1785.0	0.02686
1786.0	0.02785
1787.0	0.02862
1788.0	0.02932
1789.0	0.03016
1790.0	0.03099
1791.0	0.03170
1792.0	0.03222
1793.0	0.03266
1794.0	0.03333
1795.0	0.03417
1796.0	0.03524
1797.0	0.03634
1798.0	0.03722
1799.0	0.03791
1800.0	0.03821
1801.0	0.03876
1802.0	0.03948
1803.0	0.04013
1804.0	0.04066
1805.0	0.04106
1806.0	0.04128
1807.0	0.04152
1808.0	0.04177
1809.0	0.04220
1810.0	0.04249
1811.0	0.04267
1812.0	0.04293
1813.0	0.04313
1814.0	0.04325
1815.0	0.04341
1816.0	0.04367
1817.0	0.04418
1818.0	0.04465
1819.0	0.04480
1820.0	0.04489
1821.0	0.04486
1822.0	0.04505
1823.0	0.04531
1824.0	0.04552
1825.0	0.04582
1826.0	0.04605
1827.0	0.04632
1828.0	0.04658
1829.0	0.04666
1830.0	0.04690
1831.0	0.04724
1832.0	0.04740
1833.0	0.04756
1834.0	0.04769
1835.0	0.04796
1836.0	0.04804
1837.0	0.04825
1838.0	0.04836
1839.0	0.04841
1840.0	0.04850
1841.0	0.04869
1842.0	0.04880
1843.0	0.04879
1844.0	0.04896
1845.0	0.04885
1846.0	0.04880
1847.0	0.04888
1848.0	0.04886
1849.0	0.04880
1850.0	0.04889
1851.0	0.04878
1852.0	0.04874
1853.0	0.04882
1854.0	0.04889
1855.0	0.04856
1856.0	0.04824
1857.0	0.04807
1858.0	0.04796
1859.0	0.04758
1860.0	0.04723
1861.0	0.04680
1862.0	0.04633
1863.0	0.04606
1864.0	0.04582
1865.0	0.04571
1866.0	0.04552
1867.0	0.04544
1868.0	0.04523
1869.0	0.04510
1870.0	0.04489
1871.0	0.04461
1872.0	0.04440
1873.0	0.04427
1874.0	0.04413
1875.0	0.04370
1876.0	0.04328
1877.0	0.04307
1878.0	0.04283
1879.0	0.04251
1880.0	0.04218
1881.0	0.04183
1882.0	0.04122
1883.0	0.04087
1884.0	0.04071
1885.0	0.04045
1886.0	0.04014
1887.0	0.03971
1888.0	0.03916
1889.0	0.03845
1890.0	0.03750
1891.0	0.03686
1892.0	0.03624
1893.0	0.03553
1894.0	0.03451
1895.0	0.03375
1896.0	0.03287
1897.0	0.03201
1898.0	0.03125
1899.0	0.03044
1900.0	0.02988
1901.0	0.02909
1902.0	0.02841
1903.0	0.02797
1904.0	0.02738
1905.0	0.02676
1906.0	0.02636
1907.0	0.02612
1908.0	0.02574
1909.0	0.02552
1910.0	0.02529
1911.0	0.02509
1912.0	0.02476
1913.0	0.02449
1914.0	0.02407
1915.0	0.02373
1916.0	0.02351
1917.0	0.02335
1918.0	0.02298
1919.0	0.02259
1920.0	0.02223
1921.0	0.02209
1922.0	0.02197
1923.0	0.02185
1924.0	0.02149
1925.0	0.02087
1926.0	0.02038
1927.0	0.02009
1928.0	0.01996
1929.0	0.02002
1930.0	0.01990
1931.0	0.01996
1932.0	0.01993
1933.0	0.01949
1934.0	0.01908
1935.0	0.01890
1936.0	0.01873
1937.0	0.01876
1938.0	0.01867
1939.0	0.01859
1940.0	0.01855
1941.0	0.01832
1942.0	0.01816
1943.0	0.01823
1944.0	0.01841
1945.0	0.01855
1946.0	0.01867
1947.0	0.01864
1948.0	0.01900
1949.0	0.01904
1950.0	0.01920
1951.0	0.01922
1952.0	0.01924
1953.0	0.01942
1954.0	0.01974
1955.0	0.01993
1956.0	0.01993
1957.0	0.02007
1958.0	0.02037
1959.0	0.02053
1960.0	0.02070
1961.0	0.02094
1962.0	0.02122
1963.0	0.02151
1964.0	0.02156
1965.0	0.02171
1966.0	0.02201
1967.0	0.02245
1968.0	0.02293
1969.0	0.02359
1970.0	0.02411
1971.0	0.02438
1972.0	0.02472
1973.0	0.02510
1974.0	0.02527
1975.0	0.02554
1976.0	0.02603
1977.0	0.02663
1978.0	0.02703
1979.0	0.02736
1980.0	0.02780
1981.0	0.02837
1982.0	0.02931
1983.0	0.02995
1984.0	0.03050
1985.0	0.03099
1986.0	0.03159
1987.0	0.03217
1988.0	0.03271
1989.0	0.03343
1990.0	0.03423
1991.0	0.03487
1992.0	0.03559
1993.0	0.03648
1994.0	0.03735
1995.0	0.03810
1996.0	0.03855
1997.0	0.03909
1998.0	0.03946
1999.0	0.04006
2000.0	0.04065
2001.0	0.04116
2002.0	0.04162
2003.0	0.04200
2004.0	0.04232
2005.0	0.04254
2006.0	0.04282
2007.0	0.04328
2008.0	0.04356
2009.0	0.04381
2010.0	0.04400
2011.0	0.04414
2012.0	0.04438
2013.0	0.04455
2014.0	0.04472
2015.0	0.04487
2016.0	0.04510
2017.0	0.04533
2018.0	0.04548
2019.0	0.04551
2020.0	0.04569
2021.0	0.04592
2022.0	0.04612
2023.0	0.04625
2024.0	0.04630
2025.0	0.04631
2026.0	0.04653
2027.0	0.04673
2028.0	0.04698
2029.0	0.04705
2030.0	0.04717
2031.0	0.04710
2032.0	0.04715
2033.0	0.04723
2034.0	0.04739
2035.0	0.04758
2036.0	0.04760
2037.0	0.04762
2038.0	0.04759
2039.0	0.04750
2040.0	0.04749
2041.0	0.04733
2042.0	0.04724
2043.0	0.04703
2044.0	0.04690
2045.0	0.04685
2046.0	0.04666
2047.0	0.04647
